Miecz+0, 1, 0, 0, 2, 32, 1, 16, 0, 0, 11, 1, 0, 15, 1, 0, 0, 0, 7, 22, 0, 0, 0, 0, 0, 15, 19, 13, 15, 0, -1, -1, -1, -1, -1, -1, 0, 1, 0;
Miecz+1, 1, 0, 0, 2, 32, 1, 16, 125, 6, 12, 2, 0, 15, 1, 0, 0, 0, 7, 22, 0, 0, 0, 0, 0, 15, 19, 13, 15, 7, -1, -1, -1, -1, -1, -1, 0, 1, 0;
Miecz+2, 1, 0, 0, 2, 32, 1, 16, 125, 6, 13, 3, 0, 15, 1, 0, 0, 0, 7, 22, 0, 0, 0, 0, 0, 15, 19, 13, 15, 14, -1, -1, -1, -1, -1, -1, 0, 1, 0;
Miecz+3, 1, 0, 0, 2, 32, 1, 16, 125, 6, 14, 4, 0, 15, 1, 0, 0, 0, 7, 22, 0, 0, 0, 0, 0, 15, 19, 13, 15, 21, -1, -1, -1, -1, -1, -1, 0, 1, 0;
Miecz+4, 1, 0, 0, 2, 32, 1, 16, 125, 6, 15, 5, 0, 15, 1, 0, 0, 0, 7, 22, 0, 0, 0, 0, 0, 15, 19, 13, 15, 28, -1, -1, -1, -1, -1, -1, 30, 1, 0;
Miecz+5, 1, 0, 0, 2, 32, 1, 16, 125, 6, 16, 6, 0, 15, 1, 0, 0, 0, 7, 22, 0, 0, 0, 0, 0, 15, 19, 13, 15, 35, -1, -1, -1, -1, -1, -1, 40, 1, 0;
Miecz+6, 1, 0, 0, 2, 32, 1, 16, 125, 6, 17, 7, 0, 15, 1, 0, 0, 0, 7, 22, 0, 0, 0, 0, 0, 15, 19, 13, 15, 42, -1, -1, -1, -1, -1, -1, 50, 1, 0;
Miecz+7, 1, 0, 0, 2, 32, 1, 16, 125, 6, 18, 8, 0, 15, 1, 0, 0, 0, 7, 22, 0, 0, 0, 0, 0, 15, 19, 13, 15, 49, -1, -1, -1, -1, -1, -1, 65, 1, 0;
Miecz+8, 1, 0, 0, 2, 32, 1, 16, 125, 6, 19, 9, 0, 15, 1, 0, 0, 0, 7, 22, 0, 0, 0, 0, 0, 15, 19, 13, 15, 56, -1, -1, -1, -1, -1, -1, 80, 1, 0;
Miecz+9, 1, 0, 0, 2, 32, 1, 16, 2500, 125, 0, 0, 0, 15, 1, 0, 0, 0, 7, 22, 0, 0, 0, 0, 0, 15, 19, 13, 15, 63, -1, -1, -1, -1, -1, -1, 100, 1, 0;
Dlugi Miecz+0, 1, 0, 0, 2, 32, 1, 16, 500, 25, 21, 1, 0, 15, 1, 5, 0, 0, 7, 27, 0, 0, 0, 0, 0, 13, 15, 15, 19, 0, -1, -1, -1, -1, -1, -1, 0, 1, 0;
Dlugi Miecz+1, 1, 0, 0, 2, 32, 1, 16, 500, 25, 22, 2, 0, 15, 1, 5, 0, 0, 7, 27, 0, 0, 0, 0, 0, 13, 15, 15, 19, 7, -1, -1, -1, -1, -1, -1, 0, 1, 0;
Dlugi Miecz+2, 1, 0, 0, 2, 32, 1, 16, 500, 25, 23, 3, 0, 15, 1, 5, 0, 0, 7, 27, 0, 0, 0, 0, 0, 13, 15, 15, 19, 14, -1, -1, -1, -1, -1, -1, 0, 1, 0;
Dlugi Miecz+3, 1, 0, 0, 2, 32, 1, 16, 500, 25, 24, 4, 0, 15, 1, 5, 0, 0, 7, 27, 0, 0, 0, 0, 0, 13, 15, 15, 19, 21, -1, -1, -1, -1, -1, -1, 0, 1, 0;
Dlugi Miecz+4, 1, 0, 0, 2, 32, 1, 16, 500, 25, 25, 5, 0, 15, 1, 5, 0, 0, 7, 27, 0, 0, 0, 0, 0, 13, 15, 15, 19, 28, -1, -1, -1, -1, -1, -1, 30, 1, 0;
Dlugi Miecz+5, 1, 0, 0, 2, 32, 1, 16, 500, 25, 26, 6, 0, 15, 1, 5, 0, 0, 7, 27, 0, 0, 0, 0, 0, 13, 15, 15, 19, 35, -1, -1, -1, -1, -1, -1, 40, 1, 0;
Dlugi Miecz+6, 1, 0, 0, 2, 32, 1, 16, 500, 25, 27, 7, 0, 15, 1, 5, 0, 0, 7, 27, 0, 0, 0, 0, 0, 13, 15, 15, 19, 42, -1, -1, -1, -1, -1, -1, 50, 1, 0;
Dlugi Miecz+7, 1, 0, 0, 2, 32, 1, 16, 500, 25, 28, 8, 0, 15, 1, 5, 0, 0, 7, 27, 0, 0, 0, 0, 0, 13, 15, 15, 19, 49, -1, -1, -1, -1, -1, -1, 65, 1, 0;
Dlugi Miecz+8, 1, 0, 0, 2, 32, 1, 16, 500, 25, 29, 9, 0, 15, 1, 5, 0, 0, 7, 27, 0, 0, 0, 0, 0, 13, 15, 15, 19, 56, -1, -1, -1, -1, -1, -1, 80, 1, 0;
Dlugi Miecz+9, 1, 0, 0, 2, 32, 1, 16, 500, 25, 0, 0, 0, 15, 1, 5, 0, 0, 7, 27, 0, 0, 0, 0, 0, 13, 15, 15, 19, 63, -1, -1, -1, -1, -1, -1, 100, 1, 0;
Sejmitar+0, 1, 0, 0, 2, 32, 1, 16, 750, 38, 31, 1, 0, 15, 1, 10, 0, 0, 7, 24, 0, 0, 0, 0, 0, 20, 24, 20, 24, 0, -1, -1, -1, -1, -1, -1, 0, 1, 0;
Sejmitar+1, 1, 0, 0, 2, 32, 1, 16, 750, 38, 32, 2, 0, 15, 1, 10, 0, 0, 7, 24, 0, 0, 0, 0, 0, 20, 24, 20, 24, 7, -1, -1, -1, -1, -1, -1, 0, 1, 0;
Sejmitar+2, 1, 0, 0, 2, 32, 1, 16, 750, 38, 33, 3, 0, 15, 1, 10, 0, 0, 7, 24, 0, 0, 0, 0, 0, 20, 24, 20, 24, 14, -1, -1, -1, -1, -1, -1, 0, 1, 0;
Sejmitar+3, 1, 0, 0, 2, 32, 1, 16, 750, 38, 34, 4, 0, 15, 1, 10, 0, 0, 7, 24, 0, 0, 0, 0, 0, 20, 24, 20, 24, 21, -1, -1, -1, -1, -1, -1, 0, 1, 0;
Sejmitar+4, 1, 0, 0, 2, 32, 1, 16, 750, 38, 35, 5, 0, 15, 1, 10, 0, 0, 7, 24, 0, 0, 0, 0, 0, 20, 24, 20, 24, 28, -1, -1, -1, -1, -1, -1, 30, 1, 0;
Sejmitar+5, 1, 0, 0, 2, 32, 1, 16, 750, 38, 36, 6, 0, 15, 1, 10, 0, 0, 7, 24, 0, 0, 0, 0, 0, 20, 24, 20, 24, 35, -1, -1, -1, -1, -1, -1, 40, 1, 0;
Sejmitar+6, 1, 0, 0, 2, 32, 1, 16, 750, 38, 37, 7, 0, 15, 1, 10, 0, 0, 7, 24, 0, 0, 0, 0, 0, 20, 24, 20, 24, 42, -1, -1, -1, -1, -1, -1, 50, 1, 0;
Sejmitar+7, 1, 0, 0, 2, 32, 1, 16, 750, 38, 38, 8, 0, 15, 1, 10, 0, 0, 7, 24, 0, 0, 0, 0, 0, 20, 24, 20, 24, 49, -1, -1, -1, -1, -1, -1, 65, 1, 0;
Sejmitar+8, 1, 0, 0, 2, 32, 1, 16, 750, 38, 39, 9, 0, 15, 1, 10, 0, 0, 7, 24, 0, 0, 0, 0, 0, 20, 24, 20, 24, 56, -1, -1, -1, -1, -1, -1, 80, 1, 0;
Sejmitar+9, 1, 0, 0, 2, 32, 1, 16, 750, 38, 0, 0, 0, 15, 1, 10, 0, 0, 7, 24, 0, 0, 0, 0, 0, 20, 24, 20, 24, 63, -1, -1, -1, -1, -1, -1, 100, 1, 0;
Stozkowy Miecz+0, 1, 0, 0, 2, 32, 1, 16, 1000, 50, 41, 1, 0, 15, 1, 15, 0, 0, 7, 21, 0, 0, 0, 0, 0, 25, 35, 22, 26, 0, -1, -1, -1, -1, -1, -1, 0, 1, 0;
Stozkowy Miecz+1, 1, 0, 0, 2, 32, 1, 16, 1000, 50, 42, 2, 0, 15, 1, 15, 0, 0, 7, 21, 0, 0, 0, 0, 0, 25, 35, 22, 26, 7, -1, -1, -1, -1, -1, -1, 0, 1, 0;
Stozkowy Miecz+2, 1, 0, 0, 2, 32, 1, 16, 1000, 50, 43, 3, 0, 15, 1, 15, 0, 0, 7, 21, 0, 0, 0, 0, 0, 25, 35, 22, 26, 14, -1, -1, -1, -1, -1, -1, 0, 1, 0;
Stozkowy Miecz+3, 1, 0, 0, 2, 32, 1, 16, 1000, 50, 44, 4, 0, 15, 1, 15, 0, 0, 7, 21, 0, 0, 0, 0, 0, 25, 35, 22, 26, 21, -1, -1, -1, -1, -1, -1, 0, 1, 0;
Stozkowy Miecz+4, 1, 0, 0, 2, 32, 1, 16, 1000, 50, 45, 5, 0, 15, 1, 15, 0, 0, 7, 21, 0, 0, 0, 0, 0, 25, 35, 22, 26, 28, -1, -1, -1, -1, -1, -1, 30, 1, 0;
Stozkowy Miecz+5, 1, 0, 0, 2, 32, 1, 16, 1000, 50, 46, 6, 0, 15, 1, 15, 0, 0, 7, 21, 0, 0, 0, 0, 0, 25, 35, 22, 26, 35, -1, -1, -1, -1, -1, -1, 40, 1, 0;
Stozkowy Miecz+6, 1, 0, 0, 2, 32, 1, 16, 1000, 50, 47, 7, 0, 15, 1, 15, 0, 0, 7, 21, 0, 0, 0, 0, 0, 25, 35, 22, 26, 42, -1, -1, -1, -1, -1, -1, 50, 1, 0;
Stozkowy Miecz+7, 1, 0, 0, 2, 32, 1, 16, 1000, 50, 48, 8, 0, 15, 1, 15, 0, 0, 7, 21, 0, 0, 0, 0, 0, 25, 35, 22, 26, 49, -1, -1, -1, -1, -1, -1, 65, 1, 0;
Stozkowy Miecz+8, 1, 0, 0, 2, 32, 1, 16, 1000, 50, 49, 9, 0, 15, 1, 15, 0, 0, 7, 21, 0, 0, 0, 0, 0, 25, 35, 22, 26, 56, -1, -1, -1, -1, -1, -1, 80, 1, 0;
Stozkowy Miecz+9, 1, 0, 0, 2, 32, 1, 16, 1000, 50, 0, 0, 0, 15, 1, 15, 0, 0, 7, 21, 0, 0, 0, 0, 0, 25, 35, 22, 26, 63, -1, -1, -1, -1, -1, -1, 100, 1, 0;
Szeroki Miecz+0, 1, 0, 0, 2, 32, 1, 16, 3750, 188, 51, 1, 0, 15, 1, 20, 0, 0, 7, 15, 0, 0, 0, 0, 0, 20, 28, 25, 35, 0, -1, -1, -1, -1, -1, -1, 0, 1, 0;
Szeroki Miecz+1, 1, 0, 0, 2, 32, 1, 16, 3750, 188, 52, 2, 0, 15, 1, 20, 0, 0, 7, 15, 0, 0, 0, 0, 0, 20, 28, 25, 35, 7, -1, -1, -1, -1, -1, -1, 0, 1, 0;
Szeroki Miecz+2, 1, 0, 0, 2, 32, 1, 16, 3750, 188, 53, 3, 0, 15, 1, 20, 0, 0, 7, 15, 0, 0, 0, 0, 0, 20, 28, 25, 35, 14, -1, -1, -1, -1, -1, -1, 0, 1, 0;
Szeroki Miecz+3, 1, 0, 0, 2, 32, 1, 16, 3750, 188, 54, 4, 0, 15, 1, 20, 0, 0, 7, 15, 0, 0, 0, 0, 0, 20, 28, 25, 35, 21, -1, -1, -1, -1, -1, -1, 0, 1, 0;
Szeroki Miecz+4, 1, 0, 0, 2, 32, 1, 16, 3750, 188, 55, 5, 0, 15, 1, 20, 0, 0, 7, 15, 0, 0, 0, 0, 0, 20, 28, 25, 35, 28, -1, -1, -1, -1, -1, -1, 30, 1, 0;
Szeroki Miecz+5, 1, 0, 0, 2, 32, 1, 16, 3750, 188, 56, 6, 0, 15, 1, 20, 0, 0, 7, 15, 0, 0, 0, 0, 0, 20, 28, 25, 35, 35, -1, -1, -1, -1, -1, -1, 40, 1, 0;
Szeroki Miecz+6, 1, 0, 0, 2, 32, 1, 16, 3750, 188, 57, 7, 0, 15, 1, 20, 0, 0, 7, 15, 0, 0, 0, 0, 0, 20, 28, 25, 35, 42, -1, -1, -1, -1, -1, -1, 50, 1, 0;
Szeroki Miecz+7, 1, 0, 0, 2, 32, 1, 16, 3750, 188, 58, 8, 0, 15, 1, 20, 0, 0, 7, 15, 0, 0, 0, 0, 0, 20, 28, 25, 35, 49, -1, -1, -1, -1, -1, -1, 65, 1, 0;
Szeroki Miecz+8, 1, 0, 0, 2, 32, 1, 16, 3750, 188, 59, 9, 0, 15, 1, 20, 0, 0, 7, 15, 0, 0, 0, 0, 0, 20, 28, 25, 35, 56, -1, -1, -1, -1, -1, -1, 80, 1, 0;
Szeroki Miecz+9, 1, 0, 0, 2, 32, 1, 16, 3750, 188, 0, 0, 0, 15, 1, 20, 0, 0, 7, 15, 0, 0, 0, 0, 0, 20, 28, 25, 35, 63, -1, -1, -1, -1, -1, -1, 100, 1, 0;
Srebrny Miecz+0, 1, 0, 0, 2, 32, 1, 16, 6250, 313, 61, 10, 0, 15, 1, 25, 0, 0, 7, 30, 0, 0, 0, 0, 0, 38, 52, 36, 46, 0, -1, -1, -1, -1, -1, -1, 0, 2, 0;
Srebrny Miecz+1, 1, 0, 0, 2, 32, 1, 16, 6250, 313, 62, 11, 0, 15, 1, 25, 0, 0, 7, 30, 0, 0, 0, 0, 0, 38, 52, 36, 46, 6, -1, -1, -1, -1, -1, -1, 0, 2, 0;
Srebrny Miecz+2, 1, 0, 0, 2, 32, 1, 16, 6250, 313, 63, 12, 0, 15, 1, 25, 0, 0, 7, 30, 0, 0, 0, 0, 0, 38, 52, 36, 46, 12, -1, -1, -1, -1, -1, -1, 0, 2, 0;
Srebrny Miecz+3, 1, 0, 0, 2, 32, 1, 16, 6250, 313, 64, 13, 0, 15, 1, 25, 0, 0, 7, 30, 0, 0, 0, 0, 0, 38, 52, 36, 46, 18, -1, -1, -1, -1, -1, -1, 0, 2, 0;
Srebrny Miecz+4, 1, 0, 0, 2, 32, 1, 16, 6250, 313, 65, 14, 0, 15, 1, 25, 0, 0, 7, 30, 0, 0, 0, 0, 0, 38, 52, 36, 46, 24, -1, -1, -1, -1, -1, -1, 30, 2, 0;
Srebrny Miecz+5, 1, 0, 0, 2, 32, 1, 16, 6250, 313, 66, 15, 0, 15, 1, 25, 0, 0, 7, 30, 0, 0, 0, 0, 0, 38, 52, 36, 46, 32, -1, -1, -1, -1, -1, -1, 40, 2, 0;
Srebrny Miecz+6, 1, 0, 0, 2, 32, 1, 16, 6250, 313, 67, 16, 0, 15, 1, 25, 0, 0, 7, 30, 0, 0, 0, 0, 0, 38, 52, 36, 46, 41, -1, -1, -1, -1, -1, -1, 50, 2, 0;
Srebrny Miecz+7, 1, 0, 0, 2, 32, 1, 16, 6250, 313, 68, 17, 0, 15, 1, 25, 0, 0, 7, 30, 0, 0, 0, 0, 0, 38, 52, 36, 46, 51, -1, -1, -1, -1, -1, -1, 65, 2, 0;
Srebrny Miecz+8, 1, 0, 0, 2, 32, 1, 16, 6250, 313, 69, 18, 0, 15, 1, 25, 0, 0, 7, 30, 0, 0, 0, 0, 0, 38, 52, 36, 46, 62, -1, -1, -1, -1, -1, -1, 80, 2, 0;
Srebrny Miecz+9, 1, 0, 0, 2, 32, 1, 16, 6250, 313, 0, 0, 0, 15, 1, 25, 0, 0, 7, 30, 0, 0, 0, 0, 0, 38, 52, 36, 46, 74, -1, -1, -1, -1, -1, -1, 100, 2, 0;
Miecz Storczykowy+0, 1, 0, 0, 2, 32, 1, 16, 10000, 500, 71, 10, 0, 15, 1, 32, 0, 0, 7, 27, 0, 0, 0, 0, 0, 36, 46, 38, 52, 0, -1, -1, -1, -1, -1, -1, 0, 2, 0;
Miecz Storczykowy+1, 1, 0, 0, 2, 32, 1, 16, 10000, 500, 72, 11, 0, 15, 1, 32, 0, 0, 7, 27, 0, 0, 0, 0, 0, 36, 46, 38, 52, 6, -1, -1, -1, -1, -1, -1, 0, 2, 0;
Miecz Storczykowy+2, 1, 0, 0, 2, 32, 1, 16, 10000, 500, 73, 12, 0, 15, 1, 32, 0, 0, 7, 27, 0, 0, 0, 0, 0, 36, 46, 38, 52, 12, -1, -1, -1, -1, -1, -1, 0, 2, 0;
Miecz Storczykowy+3, 1, 0, 0, 2, 32, 1, 16, 10000, 500, 74, 13, 0, 15, 1, 32, 0, 0, 7, 27, 0, 0, 0, 0, 0, 36, 46, 38, 52, 18, -1, -1, -1, -1, -1, -1, 0, 2, 0;
Miecz Storczykowy+4, 1, 0, 0, 2, 32, 1, 16, 10000, 500, 75, 14, 0, 15, 1, 32, 0, 0, 7, 27, 0, 0, 0, 0, 0, 36, 46, 38, 52, 24, -1, -1, -1, -1, -1, -1, 30, 2, 0;
Miecz Storczykowy+5, 1, 0, 0, 2, 32, 1, 16, 10000, 500, 76, 15, 0, 15, 1, 32, 0, 0, 7, 27, 0, 0, 0, 0, 0, 36, 46, 38, 52, 32, -1, -1, -1, -1, -1, -1, 40, 2, 0;
Miecz Storczykowy+6, 1, 0, 0, 2, 32, 1, 16, 10000, 500, 77, 16, 0, 15, 1, 32, 0, 0, 7, 27, 0, 0, 0, 0, 0, 36, 46, 38, 52, 41, -1, -1, -1, -1, -1, -1, 50, 2, 0;
Miecz Storczykowy+7, 1, 0, 0, 2, 32, 1, 16, 10000, 500, 78, 17, 0, 15, 1, 32, 0, 0, 7, 27, 0, 0, 0, 0, 0, 36, 46, 38, 52, 51, -1, -1, -1, -1, -1, -1, 65, 2, 0;
Miecz Storczykowy+8, 1, 0, 0, 2, 32, 1, 16, 10000, 500, 79, 18, 0, 15, 1, 32, 0, 0, 7, 27, 0, 0, 0, 0, 0, 36, 46, 38, 52, 62, -1, -1, -1, -1, -1, -1, 80, 2, 0;
Miecz Storczykowy+9, 1, 0, 0, 2, 32, 1, 16, 10000, 500, 0, 0, 0, 15, 1, 32, 0, 0, 7, 27, 0, 0, 0, 0, 0, 36, 46, 38, 52, 74, -1, -1, -1, -1, -1, -1, 100, 2, 0;
Miecz Poltorareczny+0, 1, 0, 0, 2, 32, 1, 16, 18750, 938, 81, 10, 0, 15, 1, 36, 0, 0, 7, 21, 0, 0, 0, 0, 0, 52, 68, 48, 58, 0, -1, -1, -1, -1, -1, -1, 0, 2, 0;
Miecz Poltorareczny+1, 1, 0, 0, 2, 32, 1, 16, 18750, 938, 82, 11, 0, 15, 1, 36, 0, 0, 7, 21, 0, 0, 0, 0, 0, 52, 68, 48, 58, 6, -1, -1, -1, -1, -1, -1, 0, 2, 0;
Miecz Poltorareczny+2, 1, 0, 0, 2, 32, 1, 16, 18750, 938, 83, 12, 0, 15, 1, 36, 0, 0, 7, 21, 0, 0, 0, 0, 0, 52, 68, 48, 58, 12, -1, -1, -1, -1, -1, -1, 0, 2, 0;
Miecz Poltorareczny+3, 1, 0, 0, 2, 32, 1, 16, 18750, 938, 84, 13, 0, 15, 1, 36, 0, 0, 7, 21, 0, 0, 0, 0, 0, 52, 68, 48, 58, 18, -1, -1, -1, -1, -1, -1, 0, 2, 0;
Miecz Poltorareczny+4, 1, 0, 0, 2, 32, 1, 16, 18750, 938, 85, 14, 0, 15, 1, 36, 0, 0, 7, 21, 0, 0, 0, 0, 0, 52, 68, 48, 58, 24, -1, -1, -1, -1, -1, -1, 30, 2, 0;
Miecz Poltorareczny+5, 1, 0, 0, 2, 32, 1, 16, 18750, 938, 86, 15, 0, 15, 1, 36, 0, 0, 7, 21, 0, 0, 0, 0, 0, 52, 68, 48, 58, 32, -1, -1, -1, -1, -1, -1, 40, 2, 0;
Miecz Poltorareczny+6, 1, 0, 0, 2, 32, 1, 16, 18750, 938, 87, 16, 0, 15, 1, 36, 0, 0, 7, 21, 0, 0, 0, 0, 0, 52, 68, 48, 58, 41, -1, -1, -1, -1, -1, -1, 50, 2, 0;
Miecz Poltorareczny+7, 1, 0, 0, 2, 32, 1, 16, 18750, 938, 88, 17, 0, 15, 1, 36, 0, 0, 7, 21, 0, 0, 0, 0, 0, 52, 68, 48, 58, 51, -1, -1, -1, -1, -1, -1, 65, 2, 0;
Miecz Poltorareczny+8, 1, 0, 0, 2, 32, 1, 16, 18750, 938, 89, 18, 0, 15, 1, 36, 0, 0, 7, 21, 0, 0, 0, 0, 0, 52, 68, 48, 58, 62, -1, -1, -1, -1, -1, -1, 80, 2, 0;
Miecz Poltorareczny+9, 1, 0, 0, 2, 32, 1, 16, 18750, 938, 0, 0, 0, 15, 1, 36, 0, 0, 7, 21, 0, 0, 0, 0, 0, 52, 68, 48, 58, 74, -1, -1, -1, -1, -1, -1, 100, 2, 0;
Miecz Barbarzyncy+0, 1, 0, 0, 2, 32, 1, 16, 25000, 1250, 91, 10, 0, 15, 1, 40, 0, 0, 7, 15, 0, 0, 0, 0, 0, 48, 58, 52, 68, 0, -1, -1, -1, -1, -1, -1, 0, 2, 0;
Miecz Barbarzyncy+1, 1, 0, 0, 2, 32, 1, 16, 25000, 1250, 92, 11, 0, 15, 1, 40, 0, 0, 7, 15, 0, 0, 0, 0, 0, 48, 58, 52, 68, 6, -1, -1, -1, -1, -1, -1, 0, 2, 0;
Miecz Barbarzyncy+2, 1, 0, 0, 2, 32, 1, 16, 25000, 1250, 93, 12, 0, 15, 1, 40, 0, 0, 7, 15, 0, 0, 0, 0, 0, 48, 58, 52, 68, 12, -1, -1, -1, -1, -1, -1, 0, 2, 0;
Miecz Barbarzyncy+3, 1, 0, 0, 2, 32, 1, 16, 25000, 1250, 94, 13, 0, 15, 1, 40, 0, 0, 7, 15, 0, 0, 0, 0, 0, 48, 58, 52, 68, 18, -1, -1, -1, -1, -1, -1, 0, 2, 0;
Miecz Barbarzyncy+4, 1, 0, 0, 2, 32, 1, 16, 25000, 1250, 95, 14, 0, 15, 1, 40, 0, 0, 7, 15, 0, 0, 0, 0, 0, 48, 58, 52, 68, 24, -1, -1, -1, -1, -1, -1, 30, 2, 0;
Miecz Barbarzyncy+5, 1, 0, 0, 2, 32, 1, 16, 25000, 1250, 96, 15, 0, 15, 1, 40, 0, 0, 7, 15, 0, 0, 0, 0, 0, 48, 58, 52, 68, 32, -1, -1, -1, -1, -1, -1, 40, 2, 0;
Miecz Barbarzyncy+6, 1, 0, 0, 2, 32, 1, 16, 25000, 1250, 97, 16, 0, 15, 1, 40, 0, 0, 7, 15, 0, 0, 0, 0, 0, 48, 58, 52, 68, 41, -1, -1, -1, -1, -1, -1, 50, 2, 0;
Miecz Barbarzyncy+7, 1, 0, 0, 2, 32, 1, 16, 25000, 1250, 98, 17, 0, 15, 1, 40, 0, 0, 7, 15, 0, 0, 0, 0, 0, 48, 58, 52, 68, 51, -1, -1, -1, -1, -1, -1, 65, 2, 0;
Miecz Barbarzyncy+8, 1, 0, 0, 2, 32, 1, 16, 25000, 1250, 99, 18, 0, 15, 1, 40, 0, 0, 7, 15, 0, 0, 0, 0, 0, 48, 58, 52, 68, 62, -1, -1, -1, -1, -1, -1, 80, 2, 0;
Miecz Barbarzyncy+9, 1, 0, 0, 2, 32, 1, 16, 25000, 1250, 0, 0, 0, 15, 1, 40, 0, 0, 7, 15, 0, 0, 0, 0, 0, 48, 58, 52, 68, 74, -1, -1, -1, -1, -1, -1, 100, 2, 0;
Krwawy Miecz+0, 1, 0, 0, 2, 32, 1, 16, 100000, 5000, 101, 19, 0, 15, 1, 45, 0, 0, 7, 25, 0, 0, 0, 0, 0, 69, 91, 65, 87, 0, -1, -1, -1, -1, -1, -1, 0, 3, 0;
Krwawy Miecz+1, 1, 0, 0, 2, 32, 1, 16, 100000, 5000, 102, 20, 0, 15, 1, 45, 0, 0, 7, 25, 0, 0, 0, 0, 0, 69, 91, 65, 87, 5, -1, -1, -1, -1, -1, -1, 0, 3, 0;
Krwawy Miecz+2, 1, 0, 0, 2, 32, 1, 16, 100000, 5000, 103, 21, 0, 15, 1, 45, 0, 0, 7, 25, 0, 0, 0, 0, 0, 69, 91, 65, 87, 10, -1, -1, -1, -1, -1, -1, 0, 3, 0;
Krwawy Miecz+3, 1, 0, 0, 2, 32, 1, 16, 100000, 5000, 104, 22, 0, 15, 1, 45, 0, 0, 7, 25, 0, 0, 0, 0, 0, 69, 91, 65, 87, 15, -1, -1, -1, -1, -1, -1, 0, 3, 0;
Krwawy Miecz+4, 1, 0, 0, 2, 32, 1, 16, 100000, 5000, 105, 23, 0, 15, 1, 45, 0, 0, 7, 25, 0, 0, 0, 0, 0, 69, 91, 65, 87, 20, -1, -1, -1, -1, -1, -1, 30, 3, 0;
Krwawy Miecz+5, 1, 0, 0, 2, 32, 1, 16, 100000, 5000, 106, 24, 0, 15, 1, 45, 0, 0, 7, 25, 0, 0, 0, 0, 0, 69, 91, 65, 87, 27, -1, -1, -1, -1, -1, -1, 40, 3, 0;
Krwawy Miecz+6, 1, 0, 0, 2, 32, 1, 16, 100000, 5000, 107, 25, 0, 15, 1, 45, 0, 0, 7, 25, 0, 0, 0, 0, 0, 69, 91, 65, 87, 35, -1, -1, -1, -1, -1, -1, 50, 3, 0;
Krwawy Miecz+7, 1, 0, 0, 2, 32, 1, 16, 100000, 5000, 108, 26, 0, 15, 1, 45, 0, 0, 7, 25, 0, 0, 0, 0, 0, 69, 91, 65, 87, 44, -1, -1, -1, -1, -1, -1, 65, 3, 0;
Krwawy Miecz+8, 1, 0, 0, 2, 32, 1, 16, 100000, 5000, 109, 27, 0, 15, 1, 45, 0, 0, 7, 25, 0, 0, 0, 0, 0, 69, 91, 65, 87, 54, -1, -1, -1, -1, -1, -1, 80, 3, 0;
Krwawy Miecz+9, 1, 0, 0, 2, 32, 1, 16, 400000, 20000, 0, 0, 0, 15, 1, 45, 0, 0, 7, 25, 0, 0, 0, 0, 0, 69, 91, 65, 87, 65, -1, -1, -1, -1, -1, -1, 100, 3, 0;
Wielki Miecz+0, 1, 0, 0, 2, 32, 1, 16, 137500, 6875, 111, 19, 0, 15, 1, 50, 0, 0, 7, 22, 0, 0, 0, 0, 0, 65, 87, 69, 91, 0, -1, -1, -1, -1, -1, -1, 0, 3, 0;
Wielki Miecz+1, 1, 0, 0, 2, 32, 1, 16, 137500, 6875, 112, 20, 0, 15, 1, 50, 0, 0, 7, 22, 0, 0, 0, 0, 0, 65, 87, 69, 91, 5, -1, -1, -1, -1, -1, -1, 0, 3, 0;
Wielki Miecz+2, 1, 0, 0, 2, 32, 1, 16, 137500, 6875, 113, 21, 0, 15, 1, 50, 0, 0, 7, 22, 0, 0, 0, 0, 0, 65, 87, 69, 91, 10, -1, -1, -1, -1, -1, -1, 0, 3, 0;
Wielki Miecz+3, 1, 0, 0, 2, 32, 1, 16, 137500, 6875, 114, 22, 0, 15, 1, 50, 0, 0, 7, 22, 0, 0, 0, 0, 0, 65, 87, 69, 91, 15, -1, -1, -1, -1, -1, -1, 0, 3, 0;
Wielki Miecz+4, 1, 0, 0, 2, 32, 1, 16, 137500, 6875, 115, 23, 0, 15, 1, 50, 0, 0, 7, 22, 0, 0, 0, 0, 0, 65, 87, 69, 91, 20, -1, -1, -1, -1, -1, -1, 30, 3, 0;
Wielki Miecz+5, 1, 0, 0, 2, 32, 1, 16, 137500, 6875, 116, 24, 0, 15, 1, 50, 0, 0, 7, 22, 0, 0, 0, 0, 0, 65, 87, 69, 91, 27, -1, -1, -1, -1, -1, -1, 40, 3, 0;
Wielki Miecz+6, 1, 0, 0, 2, 32, 1, 16, 137500, 6875, 117, 25, 0, 15, 1, 50, 0, 0, 7, 22, 0, 0, 0, 0, 0, 65, 87, 69, 91, 35, -1, -1, -1, -1, -1, -1, 50, 3, 0;
Wielki Miecz+7, 1, 0, 0, 2, 32, 1, 16, 137500, 6875, 118, 26, 0, 15, 1, 50, 0, 0, 7, 22, 0, 0, 0, 0, 0, 65, 87, 69, 91, 44, -1, -1, -1, -1, -1, -1, 65, 3, 0;
Wielki Miecz+8, 1, 0, 0, 2, 32, 1, 16, 137500, 6875, 119, 27, 0, 15, 1, 50, 0, 0, 7, 22, 0, 0, 0, 0, 0, 65, 87, 69, 91, 54, -1, -1, -1, -1, -1, -1, 80, 3, 0;
Wielki Miecz+9, 1, 0, 0, 2, 32, 1, 16, 137500, 6875, 0, 0, 0, 15, 1, 50, 0, 0, 7, 22, 0, 0, 0, 0, 0, 65, 87, 69, 91, 65, -1, -1, -1, -1, -1, -1, 100, 3, 0;
Miecz Lat. Maga+0, 1, 0, 0, 2, 32, 1, 16, 175000, 8750, 121, 19, 0, 15, 1, 55, 0, 0, 7, 17, 0, 0, 0, 0, 0, 72, 108, 74, 100, 0, -1, -1, -1, -1, -1, -1, 0, 3, 0;
Miecz Lat. Maga+1, 1, 0, 0, 2, 32, 1, 16, 175000, 8750, 122, 20, 0, 15, 1, 55, 0, 0, 7, 17, 0, 0, 0, 0, 0, 72, 108, 74, 100, 5, -1, -1, -1, -1, -1, -1, 0, 3, 0;
Miecz Lat. Maga+2, 1, 0, 0, 2, 32, 1, 16, 175000, 8750, 123, 21, 0, 15, 1, 55, 0, 0, 7, 17, 0, 0, 0, 0, 0, 72, 108, 74, 100, 10, -1, -1, -1, -1, -1, -1, 0, 3, 0;
Miecz Lat. Maga+3, 1, 0, 0, 2, 32, 1, 16, 175000, 8750, 124, 22, 0, 15, 1, 55, 0, 0, 7, 17, 0, 0, 0, 0, 0, 72, 108, 74, 100, 15, -1, -1, -1, -1, -1, -1, 0, 3, 0;
Miecz Lat. Maga+4, 1, 0, 0, 2, 32, 1, 16, 175000, 8750, 125, 23, 0, 15, 1, 55, 0, 0, 7, 17, 0, 0, 0, 0, 0, 72, 108, 74, 100, 20, -1, -1, -1, -1, -1, -1, 30, 3, 0;
Miecz Lat. Maga+5, 1, 0, 0, 2, 32, 1, 16, 175000, 8750, 126, 24, 0, 15, 1, 55, 0, 0, 7, 17, 0, 0, 0, 0, 0, 72, 108, 74, 100, 27, -1, -1, -1, -1, -1, -1, 40, 3, 0;
Miecz Lat. Maga+6, 1, 0, 0, 2, 32, 1, 16, 175000, 8750, 127, 25, 0, 15, 1, 55, 0, 0, 7, 17, 0, 0, 0, 0, 0, 72, 108, 74, 100, 35, -1, -1, -1, -1, -1, -1, 50, 3, 0;
Miecz Lat. Maga+7, 1, 0, 0, 2, 32, 1, 16, 175000, 8750, 128, 26, 0, 15, 1, 55, 0, 0, 7, 17, 0, 0, 0, 0, 0, 72, 108, 74, 100, 44, -1, -1, -1, -1, -1, -1, 65, 3, 0;
Miecz Lat. Maga+8, 1, 0, 0, 2, 32, 1, 16, 175000, 8750, 129, 27, 0, 15, 1, 55, 0, 0, 7, 17, 0, 0, 0, 0, 0, 72, 108, 74, 100, 54, -1, -1, -1, -1, -1, -1, 80, 3, 0;
Miecz Lat. Maga+9, 1, 0, 0, 2, 32, 1, 16, 175000, 8750, 0, 0, 0, 15, 1, 55, 0, 0, 7, 17, 0, 0, 0, 0, 0, 72, 108, 74, 100, 65, -1, -1, -1, -1, -1, -1, 100, 3, 0;
Pol-ksiezycowy Miecz+0, 1, 0, 0, 2, 32, 1, 16, 225000, 11250, 131, 19, 0, 15, 1, 60, 0, 0, 7, 15, 0, 0, 0, 0, 0, 74, 100, 72, 108, 0, -1, -1, -1, -1, -1, -1, 0, 3, 0;
Pol-ksiezycowy Miecz+1, 1, 0, 0, 2, 32, 1, 16, 225000, 11250, 132, 20, 0, 15, 1, 60, 0, 0, 7, 15, 0, 0, 0, 0, 0, 74, 100, 72, 108, 5, -1, -1, -1, -1, -1, -1, 0, 3, 0;
Pol-ksiezycowy Miecz+2, 1, 0, 0, 2, 32, 1, 16, 225000, 11250, 133, 21, 0, 15, 1, 60, 0, 0, 7, 15, 0, 0, 0, 0, 0, 74, 100, 72, 108, 10, -1, -1, -1, -1, -1, -1, 0, 3, 0;
Pol-ksiezycowy Miecz+3, 1, 0, 0, 2, 32, 1, 16, 225000, 11250, 134, 22, 0, 15, 1, 60, 0, 0, 7, 15, 0, 0, 0, 0, 0, 74, 100, 72, 108, 15, -1, -1, -1, -1, -1, -1, 0, 3, 0;
Pol-ksiezycowy Miecz+4, 1, 0, 0, 2, 32, 1, 16, 225000, 11250, 135, 23, 0, 15, 1, 60, 0, 0, 7, 15, 0, 0, 0, 0, 0, 74, 100, 72, 108, 20, -1, -1, -1, -1, -1, -1, 30, 3, 0;
Pol-ksiezycowy Miecz+5, 1, 0, 0, 2, 32, 1, 16, 225000, 11250, 136, 24, 0, 15, 1, 60, 0, 0, 7, 15, 0, 0, 0, 0, 0, 74, 100, 72, 108, 27, -1, -1, -1, -1, -1, -1, 40, 3, 0;
Pol-ksiezycowy Miecz+6, 1, 0, 0, 2, 32, 1, 16, 225000, 11250, 137, 25, 0, 15, 1, 60, 0, 0, 7, 15, 0, 0, 0, 0, 0, 74, 100, 72, 108, 35, -1, -1, -1, -1, -1, -1, 50, 3, 0;
Pol-ksiezycowy Miecz+7, 1, 0, 0, 2, 32, 1, 16, 225000, 11250, 138, 26, 0, 15, 1, 60, 0, 0, 7, 15, 0, 0, 0, 0, 0, 74, 100, 72, 108, 44, -1, -1, -1, -1, -1, -1, 65, 3, 0;
Pol-ksiezycowy Miecz+8, 1, 0, 0, 2, 32, 1, 16, 225000, 11250, 139, 27, 0, 15, 1, 60, 0, 0, 7, 15, 0, 0, 0, 0, 0, 74, 100, 72, 108, 54, -1, -1, -1, -1, -1, -1, 80, 3, 0;
Pol-ksiezycowy Miecz+9, 1, 0, 0, 2, 32, 1, 16, 225000, 11250, 0, 0, 0, 15, 1, 60, 0, 0, 7, 15, 0, 0, 0, 0, 0, 74, 100, 72, 108, 65, -1, -1, -1, -1, -1, -1, 100, 3, 0;
Miecz Bojowy+0, 1, 0, 0, 2, 32, 1, 16, 450000, 22500, 141, 19, 0, 15, 1, 65, 0, 0, 7, 15, 0, 0, 0, 0, 0, 65, 87, 100, 140, 0, -1, -1, -1, -1, -1, -1, 0, 3, 0;
Miecz Bojowy+1, 1, 0, 0, 2, 32, 1, 16, 450000, 22500, 142, 20, 0, 15, 1, 65, 0, 0, 7, 15, 0, 0, 0, 0, 0, 63, 85, 100, 140, 8, -1, -1, -1, -1, -1, -1, 0, 3, 0;
Miecz Bojowy+2, 1, 0, 0, 2, 32, 1, 16, 450000, 22500, 143, 21, 0, 15, 1, 65, 0, 0, 7, 15, 0, 0, 0, 0, 0, 61, 83, 100, 140, 17, -1, -1, -1, -1, -1, -1, 0, 3, 0;
Miecz Bojowy+3, 1, 0, 0, 2, 32, 1, 16, 450000, 22500, 144, 22, 0, 15, 1, 65, 0, 0, 7, 15, 0, 0, 0, 0, 0, 59, 81, 100, 140, 27, -1, -1, -1, -1, -1, -1, 0, 3, 0;
Miecz Bojowy+4, 1, 0, 0, 2, 32, 1, 16, 450000, 22500, 145, 23, 0, 15, 1, 65, 0, 0, 7, 15, 0, 0, 0, 0, 0, 57, 79, 100, 140, 38, -1, -1, -1, -1, -1, -1, 30, 3, 0;
Miecz Bojowy+5, 1, 0, 0, 2, 32, 1, 16, 450000, 22500, 146, 24, 0, 15, 1, 65, 0, 0, 7, 15, 0, 0, 0, 0, 0, 55, 77, 100, 140, 50, -1, -1, -1, -1, -1, -1, 40, 3, 0;
Miecz Bojowy+6, 1, 0, 0, 2, 32, 1, 16, 450000, 22500, 147, 25, 0, 15, 1, 65, 0, 0, 7, 15, 0, 0, 0, 0, 0, 53, 75, 100, 140, 63, -1, -1, -1, -1, -1, -1, 50, 3, 0;
Miecz Bojowy+7, 1, 0, 0, 2, 32, 1, 16, 450000, 22500, 148, 26, 0, 15, 1, 65, 0, 0, 7, 15, 0, 0, 0, 0, 0, 51, 73, 100, 140, 77, -1, -1, -1, -1, -1, -1, 65, 3, 0;
Miecz Bojowy+8, 1, 0, 0, 2, 32, 1, 16, 450000, 22500, 149, 27, 0, 15, 1, 65, 0, 0, 7, 15, 0, 0, 0, 0, 0, 39, 61, 100, 140, 102, -1, -1, -1, -1, -1, -1, 80, 3, 0;
Miecz Bojowy+9, 1, 0, 0, 2, 32, 1, 16, 450000, 22500, 270, 888, 0, 15, 1, 65, 0, 0, 7, 15, 0, 0, 0, 0, 0, 18, 40, 100, 140, 137, -1, -1, -1, -1, -1, -1, 100, 3, 0;
Miecz Szponu Ducha+0, 1, 0, 0, 2, 44, 1, 16, 450000, 22500, 151, 19, 0, 15, 1, 65, 0, 0, 7, 15, 0, 0, 0, 0, 0, 90, 110, 77, 105, 0, -1, -1, -1, -1, -1, -1, 0, 3, 0;
Miecz Szponu Ducha+1, 1, 0, 0, 2, 44, 1, 16, 450000, 22500, 152, 20, 0, 15, 1, 65, 0, 0, 7, 15, 0, 0, 0, 0, 0, 90, 110, 74, 102, 8, -1, -1, -1, -1, -1, -1, 0, 3, 0;
Miecz Szponu Ducha+2, 1, 0, 0, 2, 44, 1, 16, 450000, 22500, 153, 21, 0, 15, 1, 65, 0, 0, 7, 15, 0, 0, 0, 0, 0, 90, 110, 70, 100, 17, -1, -1, -1, -1, -1, -1, 0, 3, 0;
Miecz Szponu Ducha+3, 1, 0, 0, 2, 44, 1, 16, 450000, 22500, 154, 22, 0, 15, 1, 65, 0, 0, 7, 15, 0, 0, 0, 0, 0, 90, 110, 69, 99, 27, -1, -1, -1, -1, -1, -1, 0, 3, 0;
Miecz Szponu Ducha+4, 1, 0, 0, 2, 44, 1, 16, 450000, 22500, 155, 23, 0, 15, 1, 65, 0, 0, 7, 15, 0, 0, 0, 0, 0, 90, 110, 67, 98, 38, -1, -1, -1, -1, -1, -1, 30, 3, 0;
Miecz Szponu Ducha+5, 1, 0, 0, 2, 44, 1, 16, 450000, 22500, 156, 24, 0, 15, 1, 65, 0, 0, 7, 15, 0, 0, 0, 0, 0, 90, 110, 63, 96, 50, -1, -1, -1, -1, -1, -1, 40, 3, 0;
Miecz Szponu Ducha+6, 1, 0, 0, 2, 44, 1, 16, 450000, 22500, 157, 25, 0, 15, 1, 65, 0, 0, 7, 15, 0, 0, 0, 0, 0, 90, 110, 56, 93, 63, -1, -1, -1, -1, -1, -1, 50, 3, 0;
Miecz Szponu Ducha+7, 1, 0, 0, 2, 44, 1, 16, 450000, 22500, 158, 26, 0, 15, 1, 65, 0, 0, 7, 15, 0, 0, 0, 0, 0, 90, 110, 46, 87, 77, -1, -1, -1, -1, -1, -1, 65, 3, 0;
Miecz Szponu Ducha+8, 1, 0, 0, 2, 44, 1, 16, 450000, 22500, 159, 27, 0, 15, 1, 65, 0, 0, 7, 15, 0, 0, 0, 0, 0, 90, 110, 29, 79, 102, -1, -1, -1, -1, -1, -1, 80, 3, 0;
Miecz Szponu Ducha+9, 1, 0, 0, 2, 44, 1, 16, 450000, 22500, 280, 888, 0, 15, 1, 65, 0, 0, 7, 15, 0, 0, 0, 0, 0, 90, 110, 5, 67, 137, -1, -1, -1, -1, -1, -1, 100, 3, 0;
Miecz Nimfy+0, 1, 0, 0, 2, 32, 1, 16, 450000, 22500, 161, 19, 0, 15, 1, 65, 0, 0, 7, 17, 0, 0, 0, 0, 0, 69, 81, 102, 138, 0, -1, -1, -1, -1, -1, -1, 0, 3, 0;
Miecz Nimfy+1, 1, 0, 0, 2, 32, 1, 16, 450000, 22500, 162, 20, 0, 15, 1, 65, 0, 0, 7, 18, 0, 0, 0, 0, 0, 69, 81, 102, 138, 6, -1, -1, -1, -1, -1, -1, 0, 3, 0;
Miecz Nimfy+2, 1, 0, 0, 2, 32, 1, 16, 450000, 22500, 163, 21, 0, 15, 1, 65, 0, 0, 7, 19, 0, 0, 0, 0, 0, 69, 81, 102, 138, 13, -1, -1, -1, -1, -1, -1, 0, 3, 0;
Miecz Nimfy+3, 1, 0, 0, 2, 32, 1, 16, 450000, 22500, 164, 22, 0, 15, 1, 65, 0, 0, 7, 20, 0, 0, 0, 0, 0, 69, 81, 102, 138, 21, -1, -1, -1, -1, -1, -1, 0, 3, 0;
Miecz Nimfy+4, 1, 0, 0, 2, 32, 1, 16, 450000, 22500, 165, 23, 0, 15, 1, 65, 0, 0, 7, 21, 0, 0, 0, 0, 0, 69, 81, 102, 138, 30, -1, -1, -1, -1, -1, -1, 30, 3, 0;
Miecz Nimfy+5, 1, 0, 0, 2, 32, 1, 16, 450000, 22500, 166, 24, 0, 15, 1, 65, 0, 0, 7, 22, 0, 0, 0, 0, 0, 69, 81, 102, 138, 40, -1, -1, -1, -1, -1, -1, 40, 3, 0;
Miecz Nimfy+6, 1, 0, 0, 2, 32, 1, 16, 450000, 22500, 167, 25, 0, 15, 1, 65, 0, 0, 7, 23, 0, 0, 0, 0, 0, 69, 81, 102, 138, 51, -1, -1, -1, -1, -1, -1, 50, 3, 0;
Miecz Nimfy+7, 1, 0, 0, 2, 32, 1, 16, 450000, 22500, 168, 26, 0, 15, 1, 65, 0, 0, 7, 24, 0, 0, 0, 0, 0, 69, 81, 102, 138, 63, -1, -1, -1, -1, -1, -1, 65, 3, 0;
Miecz Nimfy+8, 1, 0, 0, 2, 32, 1, 16, 450000, 22500, 169, 27, 0, 15, 1, 65, 0, 0, 7, 25, 0, 0, 0, 0, 0, 69, 81, 102, 138, 76, -1, -1, -1, -1, -1, -1, 80, 3, 0;
Miecz Nimfy+9, 1, 0, 0, 2, 32, 1, 16, 450000, 22500, 0, 0, 0, 15, 1, 65, 0, 0, 7, 27, 0, 0, 0, 0, 0, 69, 81, 102, 138, 90, -1, -1, -1, -1, -1, -1, 100, 3, 0;
Zatruty Miecz+0, 1, 0, 0, 2, 32, 1, 16, 450000, 22500, 181, 1, 0, 5, 1, 75, 0, 0, 7, 17, 0, 0, 0, 0, 0, 0, 0, 100, 140, 0, -1, -1, -1, -1, -1, -1, 0, 3, -1;
Zatruty Miecz+1, 1, 0, 0, 2, 32, 1, 16, 450000, 22500, 182, 1, 0, 5, 1, 75, 0, 0, 7, 18, 0, 0, 0, 0, 0, 0, 0, 100, 140, 8, -1, -1, -1, -1, -1, -1, 0, 3, -1;
Zatruty Miecz+2, 1, 0, 0, 2, 32, 1, 16, 450000, 22500, 183, 1, 0, 5, 1, 75, 0, 0, 7, 19, 0, 0, 0, 0, 0, 0, 0, 100, 140, 17, -1, -1, -1, -1, -1, -1, 0, 3, -1;
Zatruty Miecz+3, 1, 0, 0, 2, 32, 1, 16, 450000, 22500, 184, 1, 0, 5, 1, 75, 0, 0, 7, 20, 0, 0, 0, 0, 0, 0, 0, 100, 140, 27, -1, -1, -1, -1, -1, -1, 0, 3, -1;
Zatruty Miecz+4, 1, 0, 0, 2, 32, 1, 16, 450000, 22500, 185, 1, 0, 5, 1, 75, 0, 0, 7, 21, 0, 0, 0, 0, 0, 0, 0, 100, 140, 38, -1, -1, -1, -1, -1, -1, 30, 3, -1;
Zatruty Miecz+5, 1, 0, 0, 2, 288, 1, 16, 450000, 22500, 186, 1, 0, 5, 1, 75, 0, 0, 7, 22, 0, 0, 0, 0, 0, 0, 0, 100, 140, 50, -1, -1, -1, -1, -1, -1, 40, 3, -1;
Zatruty Miecz+6, 1, 0, 0, 2, 288, 1, 16, 450000, 22500, 187, 1, 0, 5, 1, 75, 0, 0, 7, 23, 0, 0, 0, 0, 0, 0, 0, 100, 140, 63, -1, -1, -1, -1, -1, -1, 50, 3, -1;
Zatruty Miecz+7, 1, 0, 0, 2, 288, 1, 16, 450000, 22500, 188, 1, 0, 5, 1, 75, 0, 0, 7, 24, 0, 0, 0, 0, 0, 0, 0, 100, 140, 77, -1, -1, -1, -1, -1, -1, 65, 3, -1;
Zatruty Miecz+8, 1, 0, 0, 2, 288, 1, 16, 450000, 22500, 189, 1, 0, 5, 1, 75, 0, 0, 7, 25, 0, 0, 0, 0, 0, 0, 0, 100, 140, 102, -1, -1, -1, -1, -1, -1, 80, 3, -1;
Zatruty Miecz+9, 1, 0, 0, 2, 288, 1, 16, 450000, 22500, 220, 1000, 0, 5, 1, 75, 0, 0, 7, 26, 0, 0, 0, 0, 0, 0, 0, 100, 140, 137, -1, -1, -1, -1, -1, -1, 100, 3, -1;
Lwi Miecz+0, 1, 0, 0, 2, 44, 1, 16, 450000, 22500, 191, 1, 0, 5, 1, 75, 0, 0, 7, 17, 0, 0, 0, 0, 0, 77, 105, 90, 110, 0, -1, -1, -1, -1, -1, -1, 0, 3, -1;
Lwi Miecz+1, 1, 0, 0, 2, 44, 1, 16, 450000, 22500, 192, 1, 0, 5, 1, 75, 0, 0, 7, 18, 0, 0, 0, 0, 0, 74, 102, 90, 110, 6, -1, -1, -1, -1, -1, -1, 0, 3, -1;
Lwi Miecz+2, 1, 0, 0, 2, 44, 1, 16, 450000, 22500, 193, 1, 0, 5, 1, 75, 0, 0, 7, 19, 0, 0, 0, 0, 0, 70, 100, 90, 110, 13, -1, -1, -1, -1, -1, -1, 0, 3, -1;
Lwi Miecz+3, 1, 0, 0, 2, 44, 1, 16, 450000, 22500, 194, 1, 0, 5, 1, 75, 0, 0, 7, 20, 0, 0, 0, 0, 0, 69, 99, 90, 110, 21, -1, -1, -1, -1, -1, -1, 0, 3, -1;
Lwi Miecz+4, 1, 0, 0, 2, 44, 1, 16, 450000, 22500, 195, 1, 0, 5, 1, 75, 0, 0, 7, 21, 0, 0, 0, 0, 0, 67, 98, 90, 110, 30, -1, -1, -1, -1, -1, -1, 30, 3, -1;
Lwi Miecz+5, 1, 0, 0, 2, 300, 1, 16, 450000, 22500, 196, 1, 0, 5, 1, 75, 0, 0, 7, 22, 0, 0, 0, 0, 0, 63, 96, 90, 110, 40, -1, -1, -1, -1, -1, -1, 40, 3, -1;
Lwi Miecz+6, 1, 0, 0, 2, 300, 1, 16, 450000, 22500, 197, 1, 0, 5, 1, 75, 0, 0, 7, 23, 0, 0, 0, 0, 0, 56, 93, 90, 110, 51, -1, -1, -1, -1, -1, -1, 50, 3, -1;
Lwi Miecz+7, 1, 0, 0, 2, 300, 1, 16, 450000, 22500, 198, 1, 0, 5, 1, 75, 0, 0, 7, 24, 0, 0, 0, 0, 0, 46, 87, 90, 110, 63, -1, -1, -1, -1, -1, -1, 65, 3, -1;
Lwi Miecz+8, 1, 0, 0, 2, 300, 1, 16, 450000, 22500, 199, 1, 0, 5, 1, 75, 0, 0, 7, 25, 0, 0, 0, 0, 0, 29, 79, 90, 110, 76, -1, -1, -1, -1, -1, -1, 80, 3, -1;
Lwi Miecz+9, 1, 0, 0, 2, 300, 1, 16, 450000, 22500, 0, 0, 0, 5, 1, 75, 0, 0, 7, 26, 0, 0, 0, 0, 0, 5, 67, 90, 110, 90, -1, -1, -1, -1, -1, -1, 100, 3, -1;
Brzegorze Ostrze+0, 1, 0, 0, 2, 44, 1, 16, 450000, 22500, 201, 281, 0, 5, 1, 80, 0, 0, 7, 15, 17, 2, 0, 0, 0, 74, 98, 98, 142, 90, -1, -1, -1, -1, -1, -1, 0, 3, 0;
Brzegorze Ostrze+1, 1, 0, 0, 2, 44, 1, 16, 450000, 22500, 202, 282, 0, 5, 1, 80, 0, 0, 7, 15, 17, 3, 0, 0, 0, 74, 98, 98, 142, 90, -1, -1, -1, -1, -1, -1, 0, 3, 0;
Brzegorze Ostrze+2, 1, 0, 0, 2, 44, 1, 16, 450000, 22500, 203, 283, 0, 5, 1, 80, 0, 0, 7, 16, 17, 4, 0, 0, 0, 74, 98, 98, 142, 90, -1, -1, -1, -1, -1, -1, 0, 3, 0;
Brzegorze Ostrze+3, 1, 0, 0, 2, 44, 1, 16, 450000, 22500, 204, 284, 0, 5, 1, 80, 0, 0, 7, 17, 17, 5, 0, 0, 0, 74, 98, 98, 142, 90, -1, -1, -1, -1, -1, -1, 0, 3, 0;
Brzegorze Ostrze+4, 1, 0, 0, 2, 44, 1, 16, 450000, 22500, 205, 285, 0, 5, 1, 80, 0, 0, 7, 18, 17, 6, 0, 0, 0, 74, 98, 98, 142, 90, -1, -1, -1, -1, -1, -1, 30, 3, 0;
Brzegorze Ostrze+5, 1, 0, 0, 2, 300, 1, 16, 450000, 22500, 206, 286, 0, 5, 1, 80, 0, 0, 7, 20, 17, 7, 0, 0, 0, 74, 98, 98, 142, 90, -1, -1, -1, -1, -1, -1, 40, 3, 0;
Brzegorze Ostrze+6, 1, 0, 0, 2, 300, 1, 16, 450000, 22500, 207, 287, 0, 5, 1, 80, 0, 0, 7, 22, 17, 8, 0, 0, 0, 74, 98, 98, 142, 90, -1, -1, -1, -1, -1, -1, 50, 3, 0;
Brzegorze Ostrze+7, 1, 0, 0, 2, 300, 1, 16, 450000, 22500, 208, 288, 0, 5, 1, 80, 0, 0, 7, 24, 17, 10, 0, 0, 0, 74, 98, 98, 142, 90, -1, -1, -1, -1, -1, -1, 65, 3, 0;
Brzegorze Ostrze+8, 1, 0, 0, 2, 300, 1, 16, 450000, 22500, 209, 289, 0, 5, 1, 80, 0, 0, 7, 27, 17, 12, 0, 0, 0, 74, 98, 98, 142, 90, -1, -1, -1, -1, -1, -1, 80, 3, 0;
Brzegorze Ostrze+9, 1, 0, 0, 2, 300, 1, 16, 450000, 22500, 210, 999, 0, 5, 1, 80, 0, 0, 7, 30, 17, 15, 0, 0, 0, 74, 98, 98, 142, 90, -1, -1, -1, -1, -1, -1, 100, 3, 0;
Miecz Egzorcysty+0, 1, 0, 0, 2, 44, 1, 16, 450000, 22500, 241, 19, 0, 15, 1, 65, 0, 0, 7, 15, 0, 0, 0, 0, 0, 74, 98, 98, 142, 0, -1, -1, -1, -1, -1, -1, 0, 3, 0;
Miecz Egzorcysty+1, 1, 0, 0, 2, 44, 1, 16, 450000, 22500, 242, 20, 0, 15, 1, 65, 0, 0, 7, 15, 0, 0, 0, 0, 0, 74, 98, 98, 142, 6, -1, -1, -1, -1, -1, -1, 0, 3, 0;
Miecz Egzorcysty+2, 1, 0, 0, 2, 44, 1, 16, 450000, 22500, 243, 21, 0, 15, 1, 65, 0, 0, 7, 15, 0, 0, 0, 0, 0, 74, 98, 98, 142, 13, -1, -1, -1, -1, -1, -1, 0, 3, 0;
Miecz Egzorcysty+3, 1, 0, 0, 2, 44, 1, 16, 450000, 22500, 244, 22, 0, 15, 1, 65, 0, 0, 7, 15, 0, 0, 0, 0, 0, 74, 98, 98, 142, 21, -1, -1, -1, -1, -1, -1, 0, 3, 0;
Miecz Egzorcysty+4, 1, 0, 0, 2, 44, 1, 16, 450000, 22500, 245, 23, 0, 15, 1, 65, 0, 0, 7, 15, 0, 0, 0, 0, 0, 74, 98, 98, 142, 30, -1, -1, -1, -1, -1, -1, 30, 3, 0;
Miecz Egzorcysty+5, 1, 0, 0, 2, 44, 1, 16, 450000, 22500, 246, 24, 0, 15, 1, 65, 0, 0, 7, 15, 0, 0, 0, 0, 0, 74, 98, 98, 142, 40, -1, -1, -1, -1, -1, -1, 40, 3, 0;
Miecz Egzorcysty+6, 1, 0, 0, 2, 44, 1, 16, 450000, 22500, 247, 25, 0, 15, 1, 65, 0, 0, 7, 15, 0, 0, 0, 0, 0, 74, 98, 98, 142, 51, -1, -1, -1, -1, -1, -1, 50, 3, 0;
Miecz Egzorcysty+7, 1, 0, 0, 2, 44, 1, 16, 450000, 22500, 248, 26, 0, 15, 1, 65, 0, 0, 7, 15, 0, 0, 0, 0, 0, 74, 98, 98, 142, 63, -1, -1, -1, -1, -1, -1, 65, 3, 0;
Miecz Egzorcysty+8, 1, 0, 0, 2, 44, 1, 16, 450000, 22500, 249, 27, 0, 15, 1, 65, 0, 0, 7, 15, 0, 0, 0, 0, 0, 74, 98, 98, 142, 76, -1, -1, -1, -1, -1, -1, 80, 3, 0;
Miecz Egzorcysty+9, 1, 0, 0, 2, 44, 1, 16, 450000, 22500, 200, 888, 0, 15, 1, 65, 0, 0, 7, 15, 0, 0, 0, 0, 0, 74, 98, 98, 142, 90, -1, -1, -1, -1, -1, -1, 100, 3, 0;
Demoniczne Ostrze+0, 1, 0, 0, 2, 300, 1, 16, 450000, 22500, 251, 19, 0, 5, 1, 70, 0, 0, 7, 15, 25, 2, 0, 0, 0, 90, 110, 77, 105, 0, -1, -1, -1, -1, -1, -1, 0, 3, 0;
Demoniczne Ostrze+1, 1, 0, 0, 2, 300, 1, 16, 450000, 22500, 252, 20, 0, 5, 1, 70, 0, 0, 7, 15, 25, 3, 0, 0, 0, 90, 110, 74, 102, 6, -1, -1, -1, -1, -1, -1, 0, 3, 0;
Demoniczne Ostrze+2, 1, 0, 0, 2, 300, 1, 16, 450000, 22500, 253, 21, 0, 5, 1, 70, 0, 0, 7, 15, 25, 4, 0, 0, 0, 90, 110, 70, 100, 13, -1, -1, -1, -1, -1, -1, 0, 3, 0;
Demoniczne Ostrze+3, 1, 0, 0, 2, 300, 1, 16, 450000, 22500, 254, 22, 0, 5, 1, 70, 0, 0, 7, 15, 25, 5, 0, 0, 0, 90, 110, 69, 99, 21, -1, -1, -1, -1, -1, -1, 0, 3, 0;
Demoniczne Ostrze+4, 1, 0, 0, 2, 300, 1, 16, 450000, 22500, 255, 23, 0, 5, 1, 70, 0, 0, 7, 15, 25, 7, 0, 0, 0, 90, 110, 67, 98, 30, -1, -1, -1, -1, -1, -1, 30, 3, 0;
Demoniczne Ostrze+5, 1, 0, 0, 2, 300, 1, 16, 450000, 22500, 256, 24, 0, 5, 1, 70, 0, 0, 7, 15, 25, 9, 0, 0, 0, 90, 110, 63, 96, 40, -1, -1, -1, -1, -1, -1, 40, 3, 0;
Demoniczne Ostrze+6, 1, 0, 0, 2, 300, 1, 16, 450000, 22500, 257, 25, 0, 5, 1, 70, 0, 0, 7, 15, 25, 12, 0, 0, 0, 90, 110, 56, 93, 51, -1, -1, -1, -1, -1, -1, 50, 3, 0;
Demoniczne Ostrze+7, 1, 0, 0, 2, 300, 1, 16, 450000, 22500, 258, 26, 0, 5, 1, 70, 0, 0, 7, 15, 25, 15, 0, 0, 0, 90, 110, 46, 87, 63, -1, -1, -1, -1, -1, -1, 65, 3, 0;
Demoniczne Ostrze+8, 1, 0, 0, 2, 300, 1, 16, 450000, 22500, 259, 27, 0, 5, 1, 70, 0, 0, 7, 15, 25, 18, 0, 0, 0, 90, 110, 29, 79, 76, -1, -1, -1, -1, -1, -1, 80, 3, 0;
Demoniczne Ostrze+9, 1, 0, 0, 2, 300, 1, 16, 450000, 22500, 0, 0, 0, 5, 1, 70, 0, 0, 7, 15, 25, 25, 0, 0, 0, 90, 110, 5, 67, 90, -1, -1, -1, -1, -1, -1, 100, 3, 0;
Miecz Barona+0, 1, 0, 0, 2, 32, 1, 16, 37500, 1875, 261, 19, 0, 5, 0, 0, 0, 0, 7, 15, 0, 0, 0, 0, 0, 0, 0, 382, 468, 0, -1, -1, -1, -1, -1, -1, 0, 3, 0;
Miecz Barona+1, 1, 0, 0, 2, 32, 1, 16, 37500, 1875, 262, 20, 0, 5, 0, 0, 0, 0, 7, 15, 0, 0, 0, 0, 0, 0, 0, 382, 468, 0, -1, -1, -1, -1, -1, -1, 0, 3, 0;
Miecz Barona+2, 1, 0, 0, 2, 32, 1, 16, 37500, 1875, 263, 21, 0, 5, 0, 0, 0, 0, 7, 15, 0, 0, 0, 0, 0, 0, 0, 382, 468, 0, -1, -1, -1, -1, -1, -1, 0, 3, 0;
Miecz Barona+3, 1, 0, 0, 2, 32, 1, 16, 37500, 1875, 264, 22, 0, 5, 0, 0, 0, 0, 7, 15, 0, 0, 0, 0, 0, 0, 0, 382, 468, 0, -1, -1, -1, -1, -1, -1, 0, 3, 0;
Miecz Barona+4, 1, 0, 0, 2, 32, 1, 16, 37500, 1875, 265, 23, 0, 5, 0, 0, 0, 0, 7, 15, 0, 0, 0, 0, 0, 0, 0, 382, 468, 0, -1, -1, -1, -1, -1, -1, 30, 3, 0;
Miecz Barona+5, 1, 0, 0, 2, 32, 1, 16, 37500, 1875, 266, 24, 0, 5, 0, 0, 0, 0, 7, 15, 0, 0, 0, 0, 0, 0, 0, 382, 468, 0, -1, -1, -1, -1, -1, -1, 40, 3, 0;
Miecz Barona+6, 1, 0, 0, 2, 32, 1, 16, 37500, 1875, 267, 25, 0, 5, 0, 0, 0, 0, 7, 15, 0, 0, 0, 0, 0, 0, 0, 382, 468, 0, -1, -1, -1, -1, -1, -1, 50, 3, 0;
Miecz Barona+7, 1, 0, 0, 2, 32, 1, 16, 37500, 1875, 268, 26, 0, 5, 0, 0, 0, 0, 7, 15, 0, 0, 0, 0, 0, 0, 0, 382, 468, 0, -1, -1, -1, -1, -1, -1, 65, 3, 0;
Miecz Barona+8, 1, 0, 0, 2, 32, 1, 16, 37500, 1875, 269, 27, 0, 5, 0, 0, 0, 0, 7, 15, 0, 0, 0, 0, 0, 0, 0, 382, 468, 0, -1, -1, -1, -1, -1, -1, 80, 3, 0;
Miecz Barona+9, 1, 0, 0, 2, 32, 1, 16, 37500, 1875, 0, 9, 0, 5, 0, 0, 0, 0, 7, 15, 0, 0, 0, 0, 0, 0, 0, 382, 468, 0, -1, -1, -1, -1, -1, -1, 100, 3, 0;
Miecz Syriusza+0, 1, 0, 0, 2, 32, 1, 16, 450000, 22500, 271, 281, 0, 5, 1, 80, 0, 0, 7, 15, 17, 2, 0, 0, 0, 17, 39, 100, 140, 137, -1, -1, -1, -1, -1, -1, 0, 3, 0;
Miecz Syriusza+1, 1, 0, 0, 2, 32, 1, 16, 450000, 22500, 272, 282, 0, 5, 1, 80, 0, 0, 7, 15, 17, 3, 0, 0, 0, 17, 39, 100, 140, 137, -1, -1, -1, -1, -1, -1, 0, 3, 0;
Miecz Syriusza+2, 1, 0, 0, 2, 32, 1, 16, 450000, 22500, 273, 283, 0, 5, 1, 80, 0, 0, 7, 16, 17, 4, 0, 0, 0, 17, 39, 100, 140, 137, -1, -1, -1, -1, -1, -1, 0, 3, 0;
Miecz Syriusza+3, 1, 0, 0, 2, 32, 1, 16, 450000, 22500, 274, 284, 0, 5, 1, 80, 0, 0, 7, 17, 17, 5, 0, 0, 0, 17, 39, 100, 140, 137, -1, -1, -1, -1, -1, -1, 0, 3, 0;
Miecz Syriusza+4, 1, 0, 0, 2, 32, 1, 16, 450000, 22500, 275, 285, 0, 5, 1, 80, 0, 0, 7, 18, 17, 6, 0, 0, 0, 17, 39, 100, 140, 137, -1, -1, -1, -1, -1, -1, 30, 3, 0;
Miecz Syriusza+5, 1, 0, 0, 2, 288, 1, 16, 450000, 22500, 276, 286, 0, 5, 1, 80, 0, 0, 7, 20, 17, 7, 0, 0, 0, 17, 39, 100, 140, 137, -1, -1, -1, -1, -1, -1, 40, 3, 0;
Miecz Syriusza+6, 1, 0, 0, 2, 288, 1, 16, 450000, 22500, 277, 287, 0, 5, 1, 80, 0, 0, 7, 22, 17, 8, 0, 0, 0, 17, 39, 100, 140, 137, -1, -1, -1, -1, -1, -1, 50, 3, 0;
Miecz Syriusza+7, 1, 0, 0, 2, 288, 1, 16, 450000, 22500, 278, 288, 0, 5, 1, 80, 0, 0, 7, 24, 17, 10, 0, 0, 0, 17, 39, 100, 140, 137, -1, -1, -1, -1, -1, -1, 65, 3, 0;
Miecz Syriusza+8, 1, 0, 0, 2, 288, 1, 16, 450000, 22500, 279, 289, 0, 5, 1, 80, 0, 0, 7, 27, 17, 12, 0, 0, 0, 17, 39, 100, 140, 137, -1, -1, -1, -1, -1, -1, 80, 3, 0;
Miecz Syriusza+9, 1, 0, 0, 2, 288, 1, 16, 450000, 22500, 210, 999, 0, 5, 1, 80, 0, 0, 7, 30, 17, 15, 0, 0, 0, 17, 39, 100, 140, 137, -1, -1, -1, -1, -1, -1, 100, 3, 0;
Sztylet+0, 1, 1, 0, 1, 52, 1, 16, 0, 0, 1001, 55, 0, 15, 1, 0, 0, 0, 7, 28, 0, 0, 0, 0, 0, 0, 0, 8, 11, 0, -1, -1, -1, -1, -1, -1, 0, 1, 0;
Sztylet+1, 1, 1, 0, 1, 52, 1, 16, 125, 6, 1002, 56, 0, 15, 1, 0, 0, 0, 7, 28, 0, 0, 0, 0, 0, 0, 0, 8, 11, 4, -1, -1, -1, -1, -1, -1, 0, 1, 0;
Sztylet+2, 1, 1, 0, 1, 52, 1, 16, 125, 6, 1003, 57, 0, 15, 1, 0, 0, 0, 7, 28, 0, 0, 0, 0, 0, 0, 0, 8, 11, 8, -1, -1, -1, -1, -1, -1, 0, 1, 0;
Sztylet+3, 1, 1, 0, 1, 52, 1, 16, 125, 6, 1004, 58, 0, 15, 1, 0, 0, 0, 7, 28, 0, 0, 0, 0, 0, 0, 0, 8, 11, 12, -1, -1, -1, -1, -1, -1, 0, 1, 0;
Sztylet+4, 1, 1, 0, 1, 52, 1, 16, 125, 6, 1005, 59, 0, 15, 1, 0, 0, 0, 7, 28, 0, 0, 0, 0, 0, 0, 0, 8, 11, 16, -1, -1, -1, -1, -1, -1, 30, 1, 0;
Sztylet+5, 1, 1, 0, 1, 52, 1, 16, 125, 6, 1006, 60, 0, 15, 1, 0, 0, 0, 7, 28, 0, 0, 0, 0, 0, 0, 0, 8, 11, 20, -1, -1, -1, -1, -1, -1, 40, 1, 0;
Sztylet+6, 1, 1, 0, 1, 52, 1, 16, 125, 6, 1007, 61, 0, 15, 1, 0, 0, 0, 7, 28, 0, 0, 0, 0, 0, 0, 0, 8, 11, 24, -1, -1, -1, -1, -1, -1, 50, 1, 0;
Sztylet+7, 1, 1, 0, 1, 52, 1, 16, 125, 6, 1008, 62, 0, 15, 1, 0, 0, 0, 7, 28, 0, 0, 0, 0, 0, 0, 0, 8, 11, 28, -1, -1, -1, -1, -1, -1, 65, 1, 0;
Sztylet+8, 1, 1, 0, 1, 52, 1, 16, 125, 6, 1009, 63, 0, 15, 1, 0, 0, 0, 7, 28, 0, 0, 0, 0, 0, 0, 0, 8, 11, 32, -1, -1, -1, -1, -1, -1, 80, 1, 0;
Sztylet+9, 1, 1, 0, 1, 52, 1, 16, 2500, 125, 0, 0, 0, 15, 1, 0, 0, 0, 7, 28, 0, 0, 0, 0, 0, 0, 0, 8, 11, 36, -1, -1, -1, -1, -1, -1, 100, 1, 0;
Sztylet Kobry+0, 1, 1, 0, 1, 52, 1, 16, 750, 38, 1011, 55, 0, 15, 1, 10, 0, 0, 7, 23, 0, 0, 0, 0, 0, 0, 0, 13, 15, 0, -1, -1, -1, -1, -1, -1, 0, 1, 0;
Sztylet Kobry+1, 1, 1, 0, 1, 52, 1, 16, 750, 38, 1012, 56, 0, 15, 1, 10, 0, 0, 7, 23, 0, 0, 0, 0, 0, 0, 0, 13, 15, 4, -1, -1, -1, -1, -1, -1, 0, 1, 0;
Sztylet Kobry+2, 1, 1, 0, 1, 52, 1, 16, 750, 38, 1013, 57, 0, 15, 1, 10, 0, 0, 7, 23, 0, 0, 0, 0, 0, 0, 0, 13, 15, 8, -1, -1, -1, -1, -1, -1, 0, 1, 0;
Sztylet Kobry+3, 1, 1, 0, 1, 52, 1, 16, 750, 38, 1014, 58, 0, 15, 1, 10, 0, 0, 7, 23, 0, 0, 0, 0, 0, 0, 0, 13, 15, 12, -1, -1, -1, -1, -1, -1, 0, 1, 0;
Sztylet Kobry+4, 1, 1, 0, 1, 52, 1, 16, 750, 38, 1015, 59, 0, 15, 1, 10, 0, 0, 7, 23, 0, 0, 0, 0, 0, 0, 0, 13, 15, 16, -1, -1, -1, -1, -1, -1, 30, 1, 0;
Sztylet Kobry+5, 1, 1, 0, 1, 52, 1, 16, 750, 38, 1016, 60, 0, 15, 1, 10, 0, 0, 7, 23, 0, 0, 0, 0, 0, 0, 0, 13, 15, 20, -1, -1, -1, -1, -1, -1, 40, 1, 0;
Sztylet Kobry+6, 1, 1, 0, 1, 52, 1, 16, 750, 38, 1017, 61, 0, 15, 1, 10, 0, 0, 7, 23, 0, 0, 0, 0, 0, 0, 0, 13, 15, 24, -1, -1, -1, -1, -1, -1, 50, 1, 0;
Sztylet Kobry+7, 1, 1, 0, 1, 52, 1, 16, 750, 38, 1018, 62, 0, 15, 1, 10, 0, 0, 7, 23, 0, 0, 0, 0, 0, 0, 0, 13, 15, 28, -1, -1, -1, -1, -1, -1, 65, 1, 0;
Sztylet Kobry+8, 1, 1, 0, 1, 52, 1, 16, 750, 38, 1019, 63, 0, 15, 1, 10, 0, 0, 7, 23, 0, 0, 0, 0, 0, 0, 0, 13, 15, 32, -1, -1, -1, -1, -1, -1, 80, 1, 0;
Sztylet Kobry+9, 1, 1, 0, 1, 52, 1, 16, 750, 38, 0, 0, 0, 15, 1, 10, 0, 0, 7, 23, 0, 0, 0, 0, 0, 0, 0, 13, 15, 36, -1, -1, -1, -1, -1, -1, 100, 1, 0;
Sztylet Nozycowy+0, 1, 1, 0, 1, 52, 1, 16, 3750, 188, 1021, 55, 0, 15, 1, 20, 0, 0, 7, 15, 0, 0, 0, 0, 0, 0, 0, 15, 19, 0, -1, -1, -1, -1, -1, -1, 0, 1, 0;
Sztylet Nozycowy+1, 1, 1, 0, 1, 52, 1, 16, 3750, 188, 1022, 56, 0, 15, 1, 20, 0, 0, 7, 15, 0, 0, 0, 0, 0, 0, 0, 15, 19, 4, -1, -1, -1, -1, -1, -1, 0, 1, 0;
Sztylet Nozycowy+2, 1, 1, 0, 1, 52, 1, 16, 3750, 188, 1023, 57, 0, 15, 1, 20, 0, 0, 7, 15, 0, 0, 0, 0, 0, 0, 0, 15, 19, 8, -1, -1, -1, -1, -1, -1, 0, 1, 0;
Sztylet Nozycowy+3, 1, 1, 0, 1, 52, 1, 16, 3750, 188, 1024, 58, 0, 15, 1, 20, 0, 0, 7, 15, 0, 0, 0, 0, 0, 0, 0, 15, 19, 12, -1, -1, -1, -1, -1, -1, 0, 1, 0;
Sztylet Nozycowy+4, 1, 1, 0, 1, 52, 1, 16, 3750, 188, 1025, 59, 0, 15, 1, 20, 0, 0, 7, 15, 0, 0, 0, 0, 0, 0, 0, 15, 19, 16, -1, -1, -1, -1, -1, -1, 30, 1, 0;
Sztylet Nozycowy+5, 1, 1, 0, 1, 52, 1, 16, 3750, 188, 1026, 60, 0, 15, 1, 20, 0, 0, 7, 15, 0, 0, 0, 0, 0, 0, 0, 15, 19, 20, -1, -1, -1, -1, -1, -1, 40, 1, 0;
Sztylet Nozycowy+6, 1, 1, 0, 1, 52, 1, 16, 3750, 188, 1027, 61, 0, 15, 1, 20, 0, 0, 7, 15, 0, 0, 0, 0, 0, 0, 0, 15, 19, 24, -1, -1, -1, -1, -1, -1, 50, 1, 0;
Sztylet Nozycowy+7, 1, 1, 0, 1, 52, 1, 16, 3750, 188, 1028, 62, 0, 15, 1, 20, 0, 0, 7, 15, 0, 0, 0, 0, 0, 0, 0, 15, 19, 28, -1, -1, -1, -1, -1, -1, 65, 1, 0;
Sztylet Nozycowy+8, 1, 1, 0, 1, 52, 1, 16, 3750, 188, 1029, 63, 0, 15, 1, 20, 0, 0, 7, 15, 0, 0, 0, 0, 0, 0, 0, 15, 19, 32, -1, -1, -1, -1, -1, -1, 80, 1, 0;
Sztylet Nozycowy+9, 1, 1, 0, 1, 52, 1, 16, 3750, 188, 0, 0, 0, 15, 1, 20, 0, 0, 7, 15, 0, 0, 0, 0, 0, 0, 0, 15, 19, 36, -1, -1, -1, -1, -1, -1, 100, 1, 0;
Noz Szczescia+0, 1, 1, 0, 1, 52, 1, 16, 10000, 500, 1031, 64, 0, 15, 1, 32, 0, 0, 7, 23, 0, 0, 0, 0, 0, 0, 0, 30, 36, 0, -1, -1, -1, -1, -1, -1, 0, 2, 0;
Noz Szczescia+1, 1, 1, 0, 1, 52, 1, 16, 10000, 500, 1032, 65, 0, 15, 1, 32, 0, 0, 7, 23, 0, 0, 0, 0, 0, 0, 0, 30, 36, 3, -1, -1, -1, -1, -1, -1, 0, 2, 0;
Noz Szczescia+2, 1, 1, 0, 1, 52, 1, 16, 10000, 500, 1033, 66, 0, 15, 1, 32, 0, 0, 7, 23, 0, 0, 0, 0, 0, 0, 0, 30, 36, 6, -1, -1, -1, -1, -1, -1, 0, 2, 0;
Noz Szczescia+3, 1, 1, 0, 1, 52, 1, 16, 10000, 500, 1034, 67, 0, 15, 1, 32, 0, 0, 7, 23, 0, 0, 0, 0, 0, 0, 0, 30, 36, 9, -1, -1, -1, -1, -1, -1, 0, 2, 0;
Noz Szczescia+4, 1, 1, 0, 1, 52, 1, 16, 10000, 500, 1035, 68, 0, 15, 1, 32, 0, 0, 7, 23, 0, 0, 0, 0, 0, 0, 0, 30, 36, 12, -1, -1, -1, -1, -1, -1, 30, 2, 0;
Noz Szczescia+5, 1, 1, 0, 1, 52, 1, 16, 10000, 500, 1036, 69, 0, 15, 1, 32, 0, 0, 7, 23, 0, 0, 0, 0, 0, 0, 0, 30, 36, 17, -1, -1, -1, -1, -1, -1, 40, 2, 0;
Noz Szczescia+6, 1, 1, 0, 1, 52, 1, 16, 10000, 500, 1037, 70, 0, 15, 1, 32, 0, 0, 7, 23, 0, 0, 0, 0, 0, 0, 0, 30, 36, 23, -1, -1, -1, -1, -1, -1, 50, 2, 0;
Noz Szczescia+7, 1, 1, 0, 1, 52, 1, 16, 10000, 500, 1038, 71, 0, 15, 1, 32, 0, 0, 7, 23, 0, 0, 0, 0, 0, 0, 0, 30, 36, 30, -1, -1, -1, -1, -1, -1, 65, 2, 0;
Noz Szczescia+8, 1, 1, 0, 1, 52, 1, 16, 10000, 500, 1039, 72, 0, 15, 1, 32, 0, 0, 7, 23, 0, 0, 0, 0, 0, 0, 0, 30, 36, 38, -1, -1, -1, -1, -1, -1, 80, 2, 0;
Noz Szczescia+9, 1, 1, 0, 1, 52, 1, 16, 10000, 500, 0, 0, 0, 15, 1, 32, 0, 0, 7, 23, 0, 0, 0, 0, 0, 0, 0, 30, 36, 47, -1, -1, -1, -1, -1, -1, 100, 2, 0;
Ukaszenia Kota+0, 1, 1, 0, 1, 52, 1, 16, 18750, 938, 1041, 64, 0, 15, 1, 36, 0, 0, 7, 19, 0, 0, 0, 0, 0, 0, 0, 33, 37, 0, -1, -1, -1, -1, -1, -1, 0, 2, 0;
Ukaszenia Kota+1, 1, 1, 0, 1, 52, 1, 16, 18750, 938, 1042, 65, 0, 15, 1, 36, 0, 0, 7, 19, 0, 0, 0, 0, 0, 0, 0, 33, 37, 3, -1, -1, -1, -1, -1, -1, 0, 2, 0;
Ukaszenia Kota+2, 1, 1, 0, 1, 52, 1, 16, 18750, 938, 1043, 66, 0, 15, 1, 36, 0, 0, 7, 19, 0, 0, 0, 0, 0, 0, 0, 33, 37, 6, -1, -1, -1, -1, -1, -1, 0, 2, 0;
Ukaszenia Kota+3, 1, 1, 0, 1, 52, 1, 16, 18750, 938, 1044, 67, 0, 15, 1, 36, 0, 0, 7, 19, 0, 0, 0, 0, 0, 0, 0, 33, 37, 9, -1, -1, -1, -1, -1, -1, 0, 2, 0;
Ukaszenia Kota+4, 1, 1, 0, 1, 52, 1, 16, 18750, 938, 1045, 68, 0, 15, 1, 36, 0, 0, 7, 19, 0, 0, 0, 0, 0, 0, 0, 33, 37, 12, -1, -1, -1, -1, -1, -1, 30, 2, 0;
Ukaszenia Kota+5, 1, 1, 0, 1, 52, 1, 16, 18750, 938, 1046, 69, 0, 15, 1, 36, 0, 0, 7, 19, 0, 0, 0, 0, 0, 0, 0, 33, 37, 17, -1, -1, -1, -1, -1, -1, 40, 2, 0;
Ukaszenia Kota+6, 1, 1, 0, 1, 52, 1, 16, 18750, 938, 1047, 70, 0, 15, 1, 36, 0, 0, 7, 19, 0, 0, 0, 0, 0, 0, 0, 33, 37, 23, -1, -1, -1, -1, -1, -1, 50, 2, 0;
Ukaszenia Kota+7, 1, 1, 0, 1, 52, 1, 16, 18750, 938, 1048, 71, 0, 15, 1, 36, 0, 0, 7, 19, 0, 0, 0, 0, 0, 0, 0, 33, 37, 30, -1, -1, -1, -1, -1, -1, 65, 2, 0;
Ukaszenia Kota+8, 1, 1, 0, 1, 52, 1, 16, 18750, 938, 1049, 72, 0, 15, 1, 36, 0, 0, 7, 19, 0, 0, 0, 0, 0, 0, 0, 33, 37, 38, -1, -1, -1, -1, -1, -1, 80, 2, 0;
Ukaszenia Kota+9, 1, 1, 0, 1, 52, 1, 16, 18750, 938, 0, 0, 0, 15, 1, 36, 0, 0, 7, 19, 0, 0, 0, 0, 0, 0, 0, 33, 37, 47, -1, -1, -1, -1, -1, -1, 100, 2, 0;
Twarz Diabla+0, 1, 1, 0, 1, 52, 1, 16, 25000, 1250, 1051, 64, 0, 15, 1, 40, 0, 0, 7, 15, 0, 0, 0, 0, 0, 0, 0, 36, 40, 0, -1, -1, -1, -1, -1, -1, 0, 2, 0;
Twarz Diabla+1, 1, 1, 0, 1, 52, 1, 16, 25000, 1250, 1052, 65, 0, 15, 1, 40, 0, 0, 7, 15, 0, 0, 0, 0, 0, 0, 0, 36, 40, 3, -1, -1, -1, -1, -1, -1, 0, 2, 0;
Twarz Diabla+2, 1, 1, 0, 1, 52, 1, 16, 25000, 1250, 1053, 66, 0, 15, 1, 40, 0, 0, 7, 15, 0, 0, 0, 0, 0, 0, 0, 36, 40, 6, -1, -1, -1, -1, -1, -1, 0, 2, 0;
Twarz Diabla+3, 1, 1, 0, 1, 52, 1, 16, 25000, 1250, 1054, 67, 0, 15, 1, 40, 0, 0, 7, 15, 0, 0, 0, 0, 0, 0, 0, 36, 40, 9, -1, -1, -1, -1, -1, -1, 0, 2, 0;
Twarz Diabla+4, 1, 1, 0, 1, 52, 1, 16, 25000, 1250, 1055, 68, 0, 15, 1, 40, 0, 0, 7, 15, 0, 0, 0, 0, 0, 0, 0, 36, 40, 12, -1, -1, -1, -1, -1, -1, 30, 2, 0;
Twarz Diabla+5, 1, 1, 0, 1, 52, 1, 16, 25000, 1250, 1056, 69, 0, 15, 1, 40, 0, 0, 7, 15, 0, 0, 0, 0, 0, 0, 0, 36, 40, 17, -1, -1, -1, -1, -1, -1, 40, 2, 0;
Twarz Diabla+6, 1, 1, 0, 1, 52, 1, 16, 25000, 1250, 1057, 70, 0, 15, 1, 40, 0, 0, 7, 15, 0, 0, 0, 0, 0, 0, 0, 36, 40, 23, -1, -1, -1, -1, -1, -1, 50, 2, 0;
Twarz Diabla+7, 1, 1, 0, 1, 52, 1, 16, 25000, 1250, 1058, 71, 0, 15, 1, 40, 0, 0, 7, 15, 0, 0, 0, 0, 0, 0, 0, 36, 40, 30, -1, -1, -1, -1, -1, -1, 65, 2, 0;
Twarz Diabla+8, 1, 1, 0, 1, 52, 1, 16, 25000, 1250, 1059, 72, 0, 15, 1, 40, 0, 0, 7, 15, 0, 0, 0, 0, 0, 0, 0, 36, 40, 38, -1, -1, -1, -1, -1, -1, 80, 2, 0;
Twarz Diabla+9, 1, 1, 0, 1, 52, 1, 16, 25000, 1250, 0, 0, 0, 15, 1, 40, 0, 0, 7, 15, 0, 0, 0, 0, 0, 0, 0, 36, 40, 47, -1, -1, -1, -1, -1, -1, 100, 2, 0;
Sztylet Piesci Diabla+0, 1, 1, 0, 1, 52, 1, 16, 100000, 5000, 1061, 73, 0, 15, 1, 45, 0, 0, 7, 27, 0, 0, 0, 0, 0, 0, 0, 47, 51, 0, -1, -1, -1, -1, -1, -1, 0, 3, 0;
Sztylet Piesci Diabla+1, 1, 1, 0, 1, 52, 1, 16, 100000, 5000, 1062, 74, 0, 15, 1, 45, 0, 0, 7, 27, 0, 0, 0, 0, 0, 0, 0, 47, 51, 2, -1, -1, -1, -1, -1, -1, 0, 3, 0;
Sztylet Piesci Diabla+2, 1, 1, 0, 1, 52, 1, 16, 100000, 5000, 1063, 75, 0, 15, 1, 45, 0, 0, 7, 27, 0, 0, 0, 0, 0, 0, 0, 47, 51, 4, -1, -1, -1, -1, -1, -1, 0, 3, 0;
Sztylet Piesci Diabla+3, 1, 1, 0, 1, 52, 1, 16, 100000, 5000, 1064, 76, 0, 15, 1, 45, 0, 0, 7, 27, 0, 0, 0, 0, 0, 0, 0, 47, 51, 6, -1, -1, -1, -1, -1, -1, 0, 3, 0;
Sztylet Piesci Diabla+4, 1, 1, 0, 1, 52, 1, 16, 100000, 5000, 1065, 77, 0, 15, 1, 45, 0, 0, 7, 27, 0, 0, 0, 0, 0, 0, 0, 47, 51, 8, -1, -1, -1, -1, -1, -1, 30, 3, 0;
Sztylet Piesci Diabla+5, 1, 1, 0, 1, 52, 1, 16, 100000, 5000, 1066, 78, 0, 15, 1, 45, 0, 0, 7, 27, 0, 0, 0, 0, 0, 0, 0, 47, 51, 12, -1, -1, -1, -1, -1, -1, 40, 3, 0;
Sztylet Piesci Diabla+6, 1, 1, 0, 1, 52, 1, 16, 100000, 5000, 1067, 79, 0, 15, 1, 45, 0, 0, 7, 27, 0, 0, 0, 0, 0, 0, 0, 47, 51, 17, -1, -1, -1, -1, -1, -1, 50, 3, 0;
Sztylet Piesci Diabla+7, 1, 1, 0, 1, 52, 1, 16, 100000, 5000, 1068, 80, 0, 15, 1, 45, 0, 0, 7, 27, 0, 0, 0, 0, 0, 0, 0, 47, 51, 23, -1, -1, -1, -1, -1, -1, 65, 3, 0;
Sztylet Piesci Diabla+8, 1, 1, 0, 1, 52, 1, 16, 100000, 5000, 1069, 81, 0, 15, 1, 45, 0, 0, 7, 27, 0, 0, 0, 0, 0, 0, 0, 47, 51, 30, -1, -1, -1, -1, -1, -1, 80, 3, 0;
Sztylet Piesci Diabla+9, 1, 1, 0, 1, 52, 1, 16, 100000, 5000, 0, 0, 0, 15, 1, 45, 0, 0, 7, 27, 0, 0, 0, 0, 0, 0, 0, 47, 51, 38, -1, -1, -1, -1, -1, -1, 100, 3, 0;
Krwawy Sztylet+0, 1, 1, 0, 1, 52, 1, 16, 137500, 6875, 1071, 73, 0, 15, 1, 50, 0, 0, 7, 24, 0, 0, 0, 0, 0, 0, 0, 48, 56, 0, -1, -1, -1, -1, -1, -1, 0, 3, 0;
Krwawy Sztylet+1, 1, 1, 0, 1, 52, 1, 16, 137500, 6875, 1072, 74, 0, 15, 1, 50, 0, 0, 7, 24, 0, 0, 0, 0, 0, 0, 0, 48, 56, 2, -1, -1, -1, -1, -1, -1, 0, 3, 0;
Krwawy Sztylet+2, 1, 1, 0, 1, 52, 1, 16, 137500, 6875, 1073, 75, 0, 15, 1, 50, 0, 0, 7, 24, 0, 0, 0, 0, 0, 0, 0, 48, 56, 4, -1, -1, -1, -1, -1, -1, 0, 3, 0;
Krwawy Sztylet+3, 1, 1, 0, 1, 52, 1, 16, 137500, 6875, 1074, 76, 0, 15, 1, 50, 0, 0, 7, 24, 0, 0, 0, 0, 0, 0, 0, 48, 56, 6, -1, -1, -1, -1, -1, -1, 0, 3, 0;
Krwawy Sztylet+4, 1, 1, 0, 1, 52, 1, 16, 137500, 6875, 1075, 77, 0, 15, 1, 50, 0, 0, 7, 24, 0, 0, 0, 0, 0, 0, 0, 48, 56, 8, -1, -1, -1, -1, -1, -1, 30, 3, 0;
Krwawy Sztylet+5, 1, 1, 0, 1, 52, 1, 16, 137500, 6875, 1076, 78, 0, 15, 1, 50, 0, 0, 7, 24, 0, 0, 0, 0, 0, 0, 0, 48, 56, 12, -1, -1, -1, -1, -1, -1, 40, 3, 0;
Krwawy Sztylet+6, 1, 1, 0, 1, 52, 1, 16, 137500, 6875, 1077, 79, 0, 15, 1, 50, 0, 0, 7, 24, 0, 0, 0, 0, 0, 0, 0, 48, 56, 17, -1, -1, -1, -1, -1, -1, 50, 3, 0;
Krwawy Sztylet+7, 1, 1, 0, 1, 52, 1, 16, 137500, 6875, 1078, 80, 0, 15, 1, 50, 0, 0, 7, 24, 0, 0, 0, 0, 0, 0, 0, 48, 56, 23, -1, -1, -1, -1, -1, -1, 65, 3, 0;
Krwawy Sztylet+8, 1, 1, 0, 1, 52, 1, 16, 137500, 6875, 1079, 81, 0, 15, 1, 50, 0, 0, 7, 24, 0, 0, 0, 0, 0, 0, 0, 48, 56, 30, -1, -1, -1, -1, -1, -1, 80, 3, 0;
Krwawy Sztylet+9, 1, 1, 0, 1, 52, 1, 16, 137500, 6875, 0, 0, 0, 15, 1, 50, 0, 0, 7, 24, 0, 0, 0, 0, 0, 0, 0, 48, 56, 38, -1, -1, -1, -1, -1, -1, 100, 3, 0;
Zebrowy Noz+0, 1, 1, 0, 1, 52, 1, 16, 175000, 8750, 1081, 73, 0, 15, 1, 55, 0, 0, 7, 21, 0, 0, 0, 0, 0, 0, 0, 49, 59, 0, -1, -1, -1, -1, -1, -1, 0, 3, 0;
Zebrowy Noz+1, 1, 1, 0, 1, 52, 1, 16, 175000, 8750, 1082, 74, 0, 15, 1, 55, 0, 0, 7, 21, 0, 0, 0, 0, 0, 0, 0, 49, 59, 2, -1, -1, -1, -1, -1, -1, 0, 3, 0;
Zebrowy Noz+2, 1, 1, 0, 1, 52, 1, 16, 175000, 8750, 1083, 75, 0, 15, 1, 55, 0, 0, 7, 21, 0, 0, 0, 0, 0, 0, 0, 49, 59, 4, -1, -1, -1, -1, -1, -1, 0, 3, 0;
Zebrowy Noz+3, 1, 1, 0, 1, 52, 1, 16, 175000, 8750, 1084, 76, 0, 15, 1, 55, 0, 0, 7, 21, 0, 0, 0, 0, 0, 0, 0, 49, 59, 6, -1, -1, -1, -1, -1, -1, 0, 3, 0;
Zebrowy Noz+4, 1, 1, 0, 1, 52, 1, 16, 175000, 8750, 1085, 77, 0, 15, 1, 55, 0, 0, 7, 21, 0, 0, 0, 0, 0, 0, 0, 49, 59, 8, -1, -1, -1, -1, -1, -1, 30, 3, 0;
Zebrowy Noz+5, 1, 1, 0, 1, 52, 1, 16, 175000, 8750, 1086, 78, 0, 15, 1, 55, 0, 0, 7, 21, 0, 0, 0, 0, 0, 0, 0, 49, 59, 12, -1, -1, -1, -1, -1, -1, 40, 3, 0;
Zebrowy Noz+6, 1, 1, 0, 1, 52, 1, 16, 175000, 8750, 1087, 79, 0, 15, 1, 55, 0, 0, 7, 21, 0, 0, 0, 0, 0, 0, 0, 49, 59, 17, -1, -1, -1, -1, -1, -1, 50, 3, 0;
Zebrowy Noz+7, 1, 1, 0, 1, 52, 1, 16, 175000, 8750, 1088, 80, 0, 15, 1, 55, 0, 0, 7, 21, 0, 0, 0, 0, 0, 0, 0, 49, 59, 23, -1, -1, -1, -1, -1, -1, 65, 3, 0;
Zebrowy Noz+8, 1, 1, 0, 1, 52, 1, 16, 175000, 8750, 1089, 81, 0, 15, 1, 55, 0, 0, 7, 21, 0, 0, 0, 0, 0, 0, 0, 49, 59, 30, -1, -1, -1, -1, -1, -1, 80, 3, 0;
Zebrowy Noz+9, 1, 1, 0, 1, 52, 1, 16, 175000, 8750, 0, 0, 0, 15, 1, 55, 0, 0, 7, 21, 0, 0, 0, 0, 0, 0, 0, 49, 59, 38, -1, -1, -1, -1, -1, -1, 100, 3, 0;
Chakram+0, 1, 1, 0, 1, 52, 1, 16, 225000, 11250, 1091, 73, 0, 15, 1, 60, 0, 0, 7, 15, 0, 0, 0, 0, 0, 0, 0, 53, 65, 0, -1, -1, -1, -1, -1, -1, 0, 3, 0;
Chakram+1, 1, 1, 0, 1, 52, 1, 16, 225000, 11250, 1092, 74, 0, 15, 1, 60, 0, 0, 7, 15, 0, 0, 0, 0, 0, 0, 0, 53, 65, 2, -1, -1, -1, -1, -1, -1, 0, 3, 0;
Chakram+2, 1, 1, 0, 1, 52, 1, 16, 225000, 11250, 1093, 75, 0, 15, 1, 60, 0, 0, 7, 15, 0, 0, 0, 0, 0, 0, 0, 53, 65, 4, -1, -1, -1, -1, -1, -1, 0, 3, 0;
Chakram+3, 1, 1, 0, 1, 52, 1, 16, 225000, 11250, 1094, 76, 0, 15, 1, 60, 0, 0, 7, 15, 0, 0, 0, 0, 0, 0, 0, 53, 65, 6, -1, -1, -1, -1, -1, -1, 0, 3, 0;
Chakram+4, 1, 1, 0, 1, 52, 1, 16, 225000, 11250, 1095, 77, 0, 15, 1, 60, 0, 0, 7, 15, 0, 0, 0, 0, 0, 0, 0, 53, 65, 8, -1, -1, -1, -1, -1, -1, 30, 3, 0;
Chakram+5, 1, 1, 0, 1, 52, 1, 16, 225000, 11250, 1096, 78, 0, 15, 1, 60, 0, 0, 7, 15, 0, 0, 0, 0, 0, 0, 0, 53, 65, 12, -1, -1, -1, -1, -1, -1, 40, 3, 0;
Chakram+6, 1, 1, 0, 1, 52, 1, 16, 225000, 11250, 1097, 79, 0, 15, 1, 60, 0, 0, 7, 15, 0, 0, 0, 0, 0, 0, 0, 53, 65, 17, -1, -1, -1, -1, -1, -1, 50, 3, 0;
Chakram+7, 1, 1, 0, 1, 52, 1, 16, 225000, 11250, 1098, 80, 0, 15, 1, 60, 0, 0, 7, 15, 0, 0, 0, 0, 0, 0, 0, 53, 65, 23, -1, -1, -1, -1, -1, -1, 65, 3, 0;
Chakram+8, 1, 1, 0, 1, 52, 1, 16, 225000, 11250, 1099, 81, 0, 15, 1, 60, 0, 0, 7, 15, 0, 0, 0, 0, 0, 0, 0, 53, 65, 30, -1, -1, -1, -1, -1, -1, 80, 3, 0;
Chakram+9, 1, 1, 0, 1, 52, 1, 16, 225000, 11250, 0, 0, 0, 15, 1, 60, 0, 0, 7, 15, 0, 0, 0, 0, 0, 0, 0, 53, 65, 38, -1, -1, -1, -1, -1, -1, 100, 3, 0;
Smoczy Noz+0, 1, 1, 0, 1, 52, 1, 16, 450000, 22500, 1101, 73, 0, 15, 1, 65, 0, 0, 7, 15, 0, 0, 0, 0, 0, 0, 0, 74, 86, 0, -1, -1, -1, -1, -1, -1, 0, 3, 0;
Smoczy Noz+1, 1, 1, 0, 1, 52, 1, 16, 450000, 22500, 1102, 74, 0, 15, 1, 65, 0, 0, 7, 15, 0, 0, 0, 0, 0, 0, 0, 74, 86, 8, -1, -1, -1, -1, -1, -1, 0, 3, 0;
Smoczy Noz+2, 1, 1, 0, 1, 52, 1, 16, 450000, 22500, 1103, 75, 0, 15, 1, 65, 0, 0, 7, 15, 0, 0, 0, 0, 0, 0, 0, 74, 86, 17, -1, -1, -1, -1, -1, -1, 0, 3, 0;
Smoczy Noz+3, 1, 1, 0, 1, 52, 1, 16, 450000, 22500, 1104, 76, 0, 15, 1, 65, 0, 0, 7, 15, 0, 0, 0, 0, 0, 0, 0, 74, 86, 27, -1, -1, -1, -1, -1, -1, 0, 3, 0;
Smoczy Noz+4, 1, 1, 0, 1, 52, 1, 16, 450000, 22500, 1105, 77, 0, 15, 1, 65, 0, 0, 7, 15, 0, 0, 0, 0, 0, 0, 0, 74, 86, 38, -1, -1, -1, -1, -1, -1, 30, 3, 0;
Smoczy Noz+5, 1, 1, 0, 1, 52, 1, 16, 450000, 22500, 1106, 78, 0, 15, 1, 65, 0, 0, 7, 15, 0, 0, 0, 0, 0, 0, 0, 74, 86, 50, -1, -1, -1, -1, -1, -1, 40, 3, 0;
Smoczy Noz+6, 1, 1, 0, 1, 52, 1, 16, 450000, 22500, 1107, 79, 0, 15, 1, 65, 0, 0, 7, 15, 0, 0, 0, 0, 0, 0, 0, 74, 86, 63, -1, -1, -1, -1, -1, -1, 50, 3, 0;
Smoczy Noz+7, 1, 1, 0, 1, 52, 1, 16, 450000, 22500, 1108, 80, 0, 15, 1, 65, 0, 0, 7, 15, 0, 0, 0, 0, 0, 0, 0, 74, 86, 77, -1, -1, -1, -1, -1, -1, 65, 3, 0;
Smoczy Noz+8, 1, 1, 0, 1, 52, 1, 16, 450000, 22500, 1109, 81, 0, 15, 1, 65, 0, 0, 7, 15, 0, 0, 0, 0, 0, 0, 0, 74, 86, 102, -1, -1, -1, -1, -1, -1, 80, 3, 0;
Smoczy Noz+9, 1, 1, 0, 1, 52, 1, 16, 450000, 22500, 4040, 888, 0, 15, 1, 65, 0, 0, 7, 15, 0, 0, 0, 0, 0, 0, 0, 74, 86, 137, -1, -1, -1, -1, -1, -1, 100, 3, 0;
Noz Blyskawicy+0, 1, 1, 0, 1, 52, 1, 16, 450000, 22500, 1111, 73, 0, 15, 1, 65, 0, 0, 7, 17, 0, 0, 0, 0, 0, 0, 0, 74, 86, 0, -1, -1, -1, -1, -1, -1, 0, 3, 0;
Noz Blyskawicy+1, 1, 1, 0, 1, 52, 1, 16, 450000, 22500, 1112, 74, 0, 15, 1, 65, 0, 0, 7, 18, 0, 0, 0, 0, 0, 0, 0, 74, 86, 6, -1, -1, -1, -1, -1, -1, 0, 3, 0;
Noz Blyskawicy+2, 1, 1, 0, 1, 52, 1, 16, 450000, 22500, 1113, 75, 0, 15, 1, 65, 0, 0, 7, 19, 0, 0, 0, 0, 0, 0, 0, 74, 86, 13, -1, -1, -1, -1, -1, -1, 0, 3, 0;
Noz Blyskawicy+3, 1, 1, 0, 1, 52, 1, 16, 450000, 22500, 1114, 76, 0, 15, 1, 65, 0, 0, 7, 20, 0, 0, 0, 0, 0, 0, 0, 74, 86, 21, -1, -1, -1, -1, -1, -1, 0, 3, 0;
Noz Blyskawicy+4, 1, 1, 0, 1, 52, 1, 16, 450000, 22500, 1115, 77, 0, 15, 1, 65, 0, 0, 7, 21, 0, 0, 0, 0, 0, 0, 0, 74, 86, 30, -1, -1, -1, -1, -1, -1, 30, 3, 0;
Noz Blyskawicy+5, 1, 1, 0, 1, 52, 1, 16, 450000, 22500, 1116, 78, 0, 15, 1, 65, 0, 0, 7, 22, 0, 0, 0, 0, 0, 0, 0, 74, 86, 40, -1, -1, -1, -1, -1, -1, 40, 3, 0;
Noz Blyskawicy+6, 1, 1, 0, 1, 52, 1, 16, 450000, 22500, 1117, 79, 0, 15, 1, 65, 0, 0, 7, 23, 0, 0, 0, 0, 0, 0, 0, 74, 86, 51, -1, -1, -1, -1, -1, -1, 50, 3, 0;
Noz Blyskawicy+7, 1, 1, 0, 1, 52, 1, 16, 450000, 22500, 1118, 80, 0, 15, 1, 65, 0, 0, 7, 24, 0, 0, 0, 0, 0, 0, 0, 74, 86, 63, -1, -1, -1, -1, -1, -1, 65, 3, 0;
Noz Blyskawicy+8, 1, 1, 0, 1, 52, 1, 16, 450000, 22500, 1119, 81, 0, 15, 1, 65, 0, 0, 7, 25, 0, 0, 0, 0, 0, 0, 0, 74, 86, 76, -1, -1, -1, -1, -1, -1, 80, 3, 0;
Noz Blyskawicy+9, 1, 1, 0, 1, 52, 1, 16, 450000, 22500, 0, 0, 0, 15, 1, 65, 0, 0, 7, 27, 0, 0, 0, 0, 0, 0, 0, 74, 86, 90, -1, -1, -1, -1, -1, -1, 100, 3, 0;
Noz Siamese+0, 1, 1, 0, 1, 308, 1, 16, 450000, 22500, 1121, 10, 0, 5, 1, 70, 0, 0, 7, 15, 63, 5, 0, 0, 0, 0, 0, 74, 86, 0, -1, -1, -1, -1, -1, -1, 0, 3, 0;
Noz Siamese+1, 1, 1, 0, 1, 308, 1, 16, 450000, 22500, 1122, 11, 0, 5, 1, 70, 0, 0, 7, 15, 63, 6, 0, 0, 0, 0, 0, 74, 86, 6, -1, -1, -1, -1, -1, -1, 0, 3, 0;
Noz Siamese+2, 1, 1, 0, 1, 308, 1, 16, 450000, 22500, 1123, 12, 0, 5, 1, 70, 0, 0, 7, 15, 63, 7, 0, 0, 0, 0, 0, 74, 86, 13, -1, -1, -1, -1, -1, -1, 0, 3, 0;
Noz Siamese+3, 1, 1, 0, 1, 308, 1, 16, 450000, 22500, 1124, 13, 0, 5, 1, 70, 0, 0, 7, 15, 63, 8, 0, 0, 0, 0, 0, 74, 86, 21, -1, -1, -1, -1, -1, -1, 0, 3, 0;
Noz Siamese+4, 1, 1, 0, 1, 308, 1, 16, 450000, 22500, 1125, 14, 0, 5, 1, 70, 0, 0, 7, 15, 63, 10, 0, 0, 0, 0, 0, 74, 86, 30, -1, -1, -1, -1, -1, -1, 30, 3, 0;
Noz Siamese+5, 1, 1, 0, 1, 308, 1, 16, 450000, 22500, 1126, 15, 0, 5, 1, 70, 0, 0, 7, 15, 63, 12, 0, 0, 0, 0, 0, 74, 86, 40, -1, -1, -1, -1, -1, -1, 40, 3, 0;
Noz Siamese+6, 1, 1, 0, 1, 308, 1, 16, 450000, 22500, 1127, 16, 0, 5, 1, 70, 0, 0, 7, 15, 63, 14, 0, 0, 0, 0, 0, 74, 86, 51, -1, -1, -1, -1, -1, -1, 50, 3, 0;
Noz Siamese+7, 1, 1, 0, 1, 308, 1, 16, 450000, 22500, 1128, 17, 0, 5, 1, 70, 0, 0, 7, 15, 63, 17, 0, 0, 0, 0, 0, 74, 86, 63, -1, -1, -1, -1, -1, -1, 65, 3, 0;
Noz Siamese+8, 1, 1, 0, 1, 308, 1, 16, 450000, 22500, 1129, 18, 0, 5, 1, 70, 0, 0, 7, 15, 63, 20, 0, 0, 0, 0, 0, 74, 86, 76, -1, -1, -1, -1, -1, -1, 80, 3, 0;
Noz Siamese+9, 1, 1, 0, 1, 308, 1, 16, 450000, 22500, 0, 0, 0, 5, 1, 70, 0, 0, 7, 15, 63, 25, 0, 0, 0, 0, 0, 74, 86, 90, -1, -1, -1, -1, -1, -1, 100, 3, 0;
Skrzydla Demona Chak.+0, 1, 1, 0, 1, 52, 1, 16, 450000, 22500, 1131, 1, 0, 5, 1, 75, 0, 0, 7, 17, 0, 0, 0, 0, 0, 0, 0, 83, 92, 0, -1, -1, -1, -1, -1, -1, 0, 3, -1;
Skrzydla Demona Chak.+1, 1, 1, 0, 1, 52, 1, 16, 450000, 22500, 1132, 1, 0, 5, 1, 75, 0, 0, 7, 18, 0, 0, 0, 0, 0, 0, 0, 83, 92, 8, -1, -1, -1, -1, -1, -1, 0, 3, -1;
Skrzydla Demona Chak.+2, 1, 1, 0, 1, 52, 1, 16, 450000, 22500, 1133, 1, 0, 5, 1, 75, 0, 0, 7, 19, 0, 0, 0, 0, 0, 0, 0, 83, 92, 17, -1, -1, -1, -1, -1, -1, 0, 3, -1;
Skrzydla Demona Chak.+3, 1, 1, 0, 1, 52, 1, 16, 450000, 22500, 1134, 1, 0, 5, 1, 75, 0, 0, 7, 20, 0, 0, 0, 0, 0, 0, 0, 83, 92, 27, -1, -1, -1, -1, -1, -1, 0, 3, -1;
Skrzydla Demona Chak.+4, 1, 1, 0, 1, 52, 1, 16, 450000, 22500, 1135, 1, 0, 5, 1, 75, 0, 0, 7, 21, 0, 0, 0, 0, 0, 0, 0, 83, 92, 38, -1, -1, -1, -1, -1, -1, 30, 3, -1;
Skrzydla Demona Chak.+5, 1, 1, 0, 1, 52, 1, 16, 450000, 22500, 1136, 1, 0, 5, 1, 75, 0, 0, 7, 22, 0, 0, 0, 0, 0, 0, 0, 83, 92, 50, -1, -1, -1, -1, -1, -1, 40, 3, -1;
Skrzydla Demona Chak.+6, 1, 1, 0, 1, 52, 1, 16, 450000, 22500, 1137, 1, 0, 5, 1, 75, 0, 0, 7, 23, 0, 0, 0, 0, 0, 0, 0, 83, 92, 63, -1, -1, -1, -1, -1, -1, 50, 3, -1;
Skrzydla Demona Chak.+7, 1, 1, 0, 1, 52, 1, 16, 450000, 22500, 1138, 1, 0, 5, 1, 75, 0, 0, 7, 24, 0, 0, 0, 0, 0, 0, 0, 83, 92, 77, -1, -1, -1, -1, -1, -1, 65, 3, -1;
Skrzydla Demona Chak.+8, 1, 1, 0, 1, 52, 1, 16, 450000, 22500, 1139, 1, 0, 5, 1, 75, 0, 0, 7, 25, 0, 0, 0, 0, 0, 0, 0, 83, 92, 101, -1, -1, -1, -1, -1, -1, 80, 3, -1;
Skrzydla Demona Chak.+9, 1, 1, 0, 1, 52, 1, 16, 450000, 22500, 1150, 1000, 0, 5, 1, 75, 0, 0, 7, 26, 0, 0, 0, 0, 0, 0, 0, 83, 92, 137, -1, -1, -1, -1, -1, -1, 100, 3, -1;